3.972188534076947519e+01
3.068188000615577948e+01
3.940528862039816715e+01
6.612506926914797134e+01
4.828957298262513831e+01
4.863870783429057809e+01
3.956627799644576271e+01
4.855326262833368389e+01
4.855326262833368389e+01
3.920394224923462900e+01
3.070669517527550241e+01
3.961092827018350704e+01
5.628825960494381775e+01
4.859282822853987227e+01
4.806775481255198201e+01
5.740901301948915147e+01
4.829288973525112993e+01
4.845092391510477370e+01
5.714779752022553083e+01
5.763402398497815682e+01
6.614206684551653836e+01
