-7.670581211349757345e-01
-6.554761650435263487e-01
-4.426228404577281506e-01
-6.997696657448515545e-01
1.000000000000000000e+00
9.978064705401583634e-01
1.000000000000000000e+00
3.604657444266883282e-01
9.771091354457807077e-01
6.686757121648402302e-01
1.018448840275580913e-01
-1.761853909209394053e-01
-1.000000000000000000e+00
-8.561785337336388357e-01
6.824188993270933201e-01
-1.692913378523452916e-02
-7.503811088070998225e-02
5.845557977130102500e-01
-4.791108979528606038e-01
6.698151678640904549e-01
-5.043588656596361686e-01
-4.098345132830012449e-01
7.234666236882816293e-01
-3.571183489960524926e-01
1.962784746128768132e-01
9.080648703996549997e-01
2.328381414990202403e-01
2.328424905489392405e-01
-1.012125888103589944e-01
6.178028022426929056e-01
2.423861396187628192e-01
1.129290377026891945e-01
-1.279630429584122098e-01
5.079015775385615772e-01
-2.420320003933412734e-01
-3.730072205593112367e-01
-7.566924821929101042e-02
4.061068588077809682e-01
-2.889646437004200763e-02
-3.818953987756943391e-01
3.639153970542334526e-02
2.220335621400872927e-01
-4.019866008593441647e-02
-6.046633816538031780e-01
3.357578702348559818e-01
1.000000000000000000e+00
-3.987363206959206319e-01
-3.289936919174157315e-01
3.530756417611652376e-01
-1.624356127474797795e-02
1.793872766115719442e-01
2.095705479822058959e-02
2.507096723017032680e-01
-5.925960767012123931e-01
8.775427310630037336e-01
-7.590029936042379521e-01
-4.528150494043081675e-01
-4.337527889422931326e-01
9.993804811477369210e-01
9.032584337676977104e-02
-1.263860192767508328e-01
-5.895100049078265680e-01
-7.572773167474203815e-01
-1.718018023563639973e-01
-1.247873353520108086e-01
-8.792410181844606543e-02
2.359271723564603240e-01
-3.325554673241079562e-01
-6.753121577242221507e-02
-3.235768589808826756e-01
1.297285862622041819e-01
-9.264309881340249131e-03
-1.366997368830818738e-01
1.945079777441829361e-01
3.677159737035263221e-01
-2.461376066741229607e-01
7.636063270020952976e-01
5.256696055822485114e-01
-8.265319700442996798e-01
1.349472713683509406e-01
2.737831187322474213e-01
-3.023682712709775955e-01
3.609618783317776747e-01
1.000000000000000000e+00
7.296290823851164786e-01
1.036441166193369373e-01
8.179032865419293419e-01
2.180036632354288018e-01
-3.665700048252072407e-01
-7.165177811089068483e-01
1.037107778872550373e-01
-8.229079282765081604e-01
-9.055599533476403895e-01
9.296306709439993154e-01
-5.824619901821551649e-01
3.436916549744420402e-01
4.993269738007704572e-01
-1.525091640252680958e-01
5.282933611971499799e-01
1.846219213666910053e-01
7.781405244485442574e-02
9.826319120248248884e-02
-2.502033427510578778e-01
-7.634004847112216829e-01
9.138434906779377420e-02
1.000000000000000000e+00
8.382039414475662698e-01
1.000000000000000000e+00
8.071159659863692548e-01
-5.538129171982053567e-01
-8.374998773670746521e-01
3.979698017599020421e-01
6.882041793122405382e-01
3.900785945624839490e-01
-2.529002379001848988e-01
-8.426124785731296807e-02
-6.733264079177185835e-01
4.537896529890722563e-01
-1.711897216359941076e-01
9.481489591548754037e-01
-9.176101234926609118e-01
3.858023983754628461e-02
-6.739370454474979955e-01
-1.597595005326259837e-02
-1.979516550456441593e-01
4.825723016628274964e-01
3.123386039554218452e-01
-7.979372475054454794e-01
-3.700876625552656507e-01
-3.806864849621535152e-01
1.000000000000000000e+00
-1.949482213544053433e-01
1.000000000000000000e+00
1.628689532987040098e-02
-8.245841534869279288e-01
1.000000000000000000e+00
1.342431348358255616e-02
-5.852683100772189118e-01
3.802037266219000511e-01
-3.088731851975120568e-01
-2.903649596361086438e-01
3.961254585356346336e-01
-3.553281683576618999e-01
-1.358089968471671016e-01
7.082801702283372247e-01
-9.091074068592128188e-02
-1.000000000000000000e+00
-4.937167759132472522e-01
9.032875489397201862e-01
2.645292102884161042e-02
3.861606387566920429e-01
2.617710491755193547e-01
8.799375478165312181e-01
-2.800433312477799142e-01
-2.114594038488456229e-01
4.577852559111488806e-01
-2.554422551941738506e-01
3.367590477229323587e-01
-2.732283661735720459e-01
2.098770248104248892e-01
5.026273683326321073e-01
-7.513656596768193419e-01
6.875758653011039279e-01
-2.090559720210327654e-04
1.000000000000000000e+00
-1.820683646146122048e-02
-4.703169063103894709e-01
-1.958641277981545137e-01
-5.910925694778284001e-01
4.025828947797253088e-01
-7.823626484053756158e-01
1.000000000000000000e+00
1.000000000000000000e+00
-1.784113255193484071e-01
-4.501564266006389259e-01
-6.783820396858725177e-01
1.000000000000000000e+00
2.966532968858087704e-01
-3.804182224381625899e-01
-2.449555238396860790e-01
1.272699627650449028e-02
9.804742943865589755e-01
-2.062330281951935684e-01
3.932486885022130618e-01
2.252541489853636114e-01
-8.722275521569798906e-01
5.505907273166545934e-01
-7.524233808455064176e-01
9.305955394593364849e-01
-2.934881980889929576e-01
-1.011409615959961705e-01
-9.245217825987730453e-01
9.425705182077148692e-01
2.293298867146789100e-01
8.977398532684507382e-01
8.443576261588012777e-01
-1.810916444413354087e-01
6.060268934839554422e-01
-8.920101289255542021e-01
-4.340094283668323727e-01
1.536393038797833344e-01
5.097935898467946814e-01
2.085103470051932473e-01
4.443547011228011767e-01
-2.632169855811785086e-01
-6.038990831030166540e-01
-3.998435076653902853e-01
2.571462258434924486e-01
-7.554560690986085181e-01
1.000000000000000000e+00
7.414746568798904480e-01
-3.886058405299591678e-01
-3.388247433534620212e-01
-2.312911324157773674e-02
4.213371257921665336e-01
-5.881706646556839058e-02
1.471296723916807880e-01
7.380955726982546539e-02
5.573093230460276493e-01
5.698048790188118273e-01
-3.496044384144082473e-01
1.000000000000000000e+00
-7.179582722873374401e-01
-4.258992270357913612e-01
-1.000000000000000000e+00
-7.927891685151369217e-01
4.069183567957513903e-01
3.186930189924700452e-01
-2.719268380746495684e-01
-2.536782183538317526e-01
-1.637628351381366087e-01
1.000000000000000000e+00
1.249732890929892704e-01
4.265286085220477141e-01
7.679895326774746067e-01
6.609015021565501913e-01
-1.000000000000000000e+00
7.015834929136802733e-01
8.094201703291330485e-01
8.893320341277920205e-02
-3.830578996011856918e-01
3.266550640471464484e-01
-2.994060700861847502e-01
9.531003804571118454e-02
1.220636893286125568e-01
-7.886477769357144174e-01
4.337466184621732723e-01
-1.217407918417136026e-01
1.475904169128858801e-01
1.000000000000000000e+00
-9.809997958478627877e-02
4.658179089753714530e-01
3.817169120547392325e-01
-2.052199364931709402e-01
3.480444533085728098e-01
-8.107819723314910743e-01
-8.119142660706893944e-01
-3.104592270273874854e-01
3.795102323334887950e-01
5.646304405757290867e-01
-4.506499909738559406e-01
-6.381601279786637271e-01
1.000000000000000000e+00
4.164320053709656411e-01
-9.248068976444558942e-01
