-4.699706383043650959e+00
-8.990062137005654375e-01
1.325146958748379511e+00
3.725644294910734899e+00
7.557538647192282966e+00
8.506215186300090991e+00
1.260924202415568907e+01
1.453293452166981581e+01
1.688072286863574334e+01
2.110977884348837819e+01
2.067731073555996346e+01
2.428700414753462056e+01
3.099492371175630367e+01
3.151233748427698700e+01
4.057896039843924996e+01
4.201077908868007427e+01
4.372285981413210010e+01
4.339174883928749438e+01
4.289032719711516961e+01
4.467355232443784985e+01
4.306435885253681306e+01
-3.287256825678019911e+00
-1.982687190433880087e+00
6.471724499158392208e-01
4.541867556503245140e+00
8.643132761433005129e+00
1.186230520329238480e+01
1.563100856417213258e+01
1.655326309135233842e+01
1.475660623286663586e+01
1.441482062568275069e+01
1.371579351943019986e+01
1.336127268909429411e+01
1.336107968623801590e+01
1.335904668722593236e+01
1.353152193418532967e+01
1.371117131755222829e+01
1.475868649639724772e+01
1.475228793255405968e+01
1.458158393405429720e+01
1.458567056543162366e+01
1.371405092911763468e+01
-2.933261366337061471e+00
3.212514300587336336e-01
4.663849478273425220e+00
8.406671500541376574e+00
1.169036932977791388e+01
1.210883247038239219e+01
1.312489507983204717e+01
1.402657588584355786e+01
1.527624989758949603e+01
1.457746302354601120e+01
1.494595732420527767e+01
1.420878049366174167e+01
1.318789726373133853e+01
1.301081719339181575e+01
1.301054321650465262e+01
1.301164970903547946e+01
1.301054321650465262e+01
1.301011536699559201e+01
1.301137184638960953e+01
1.301053738645068236e+01
1.300843434028836754e+01
-3.252342135229639108e+00
-3.267051867728951731e+00
1.276896329127949370e+00
3.267384524219445030e+00
5.678225875523964739e+00
9.044184274142251567e+00
1.418038402532992670e+01
1.648606635691720967e+01
1.665323499161295828e+01
1.739942071118351663e+01
1.933322932942205341e+01
2.019289671991218071e+01
2.196548386262229613e+01
2.141191185930821561e+01
1.950153113614158329e+01
1.897965688358884861e+01
2.198831762520983801e+01
2.320186338423573957e+01
2.530840062830795389e+01
2.971670144732332020e+01
3.432576948770996239e+01
-2.144069378352105648e+00
3.867246151055151460e-01
7.672392742510442787e+00
1.220633710228762148e+01
9.056329863110081035e+00
1.125124233168481602e+01
1.396855023368720516e+01
1.780156695811138334e+01
1.736009422727656926e+01
1.665255972443782539e+01
1.456852168039213247e+01
1.686946606825475214e+01
1.771896562546304565e+01
1.613220236060955415e+01
1.633026026470738401e+01
2.025308948961033551e+01
1.825147640269176819e+01
2.016115539590449757e+01
2.146054338684792029e+01
2.233972308330658052e+01
2.171388348098231447e+01
