GEN Mean fit Std Best Ave life
0 -2.144069 8.958397 39.721885 0.0
1 0.386725 9.727331 30.68188 0.0
2 7.672393 14.382175 39.405289 0.0
3 12.206337 15.559799 66.125069 0.0
4 9.05633 11.300575 48.289573 0.0
5 11.251242 10.539075 48.638708 0.0
6 13.96855 9.531126 39.566278 0.0
7 17.801567 9.932482 48.553263 0.0
8 17.360094 8.344709 48.553263 0.0
9 16.65256 7.295911 39.203942 0.0
10 14.568522 3.792809 30.706695 0.0
11 16.869466 7.5185 39.610928 0.0
12 17.718966 9.802 56.28826 0.0
13 16.132202 7.995272 48.592828 0.0
14 16.33026 8.378938 48.067755 0.0
15 20.253089 14.22048 57.409013 0.0
16 18.251476 9.457419 48.29289 0.0
17 20.161155 10.787901 48.450924 0.0
18 21.460543 11.952192 57.147798 0.0
19 22.339723 12.177643 57.634024 0.0
20 21.713883 10.856373 66.142067 0.0
