8.958397433196406467e+00
9.727330690073776154e+00
1.438217519155602808e+01
1.555979907278928209e+01
1.130057486214445639e+01
1.053907499223778288e+01
9.531126104013763367e+00
9.932481933158022969e+00
8.344708864582331742e+00
7.295910591248420118e+00
3.792809085622153908e+00
7.518499720658775587e+00
9.801999823565020975e+00
7.995271566721035228e+00
8.378937680156155920e+00
1.422048020102417176e+01
9.457418586838127084e+00
1.078790080261444295e+01
1.195219171589962137e+01
1.217764304232098560e+01
1.085637264865233931e+01
