3.984670840550221982e+01
5.677346333071253071e+01
3.091240366476761636e+01
5.677346333071253071e+01
7.475195712549157179e+01
7.477940982990025987e+01
5.677346333071253071e+01
6.647853908213775753e+01
5.677346333071253071e+01
7.474233241211736356e+01
6.637237888630936311e+01
8.483879267830492665e+01
8.478322890233343401e+01
8.838873282559583799e+01
7.488410787451697104e+01
8.779342407327507658e+01
8.863879267830492381e+01
8.601173587691741318e+01
8.719140997390337589e+01
8.719140997390337589e+01
8.661379137609949908e+01
