0.000000000000000000e+00
0.000000000000000000e+00
0.000000000000000000e+00
0.000000000000000000e+00
0.000000000000000000e+00
0.000000000000000000e+00
0.000000000000000000e+00
0.000000000000000000e+00
0.000000000000000000e+00
0.000000000000000000e+00
0.000000000000000000e+00
2.000000000000000111e-01
2.399999999999999911e-01
9.599999999999999645e-01
0.000000000000000000e+00
2.040000000000000036e+00
1.199999999999999956e+00
6.800000000000000488e-01
3.040000000000000036e+00
2.959999999999999964e+00
1.120000000000000107e+00
