GEN Mean fit Std Best Ave life
0 1.173573 12.184398 39.846708 0.0
1 8.38209 16.558385 56.773463 0.0
2 3.656251 11.192639 30.912404 0.0
3 14.314696 18.157595 56.773463 0.0
4 16.006062 17.961278 74.751957 0.0
5 21.473466 16.116022 74.77941 0.0
6 23.54053 9.378402 56.773463 0.0
7 26.837772 15.07728 66.478539 0.0
8 28.038331 13.121659 56.773463 0.0
9 31.782914 14.194918 74.742332 0.0
10 33.706146 14.362319 66.372379 0.0
11 35.878357 17.33343 84.838793 0.2
12 39.409383 19.379107 84.783229 0.24
13 42.929638 20.280359 88.388733 0.96
14 42.411785 18.354435 74.884108 0.0
15 52.0826 18.493313 87.793424 2.04
16 56.943035 12.14867 88.638793 1.2
17 59.375743 7.667033 86.011736 0.68
18 63.208972 10.448923 87.19141 3.04
19 61.40221 9.486953 87.19141 2.96
20 59.230599 6.890533 86.613791 1.12
