1.291159302642817808e-01
-9.373437111416279555e-01
6.111569185621419376e-01
-7.289313038582161397e-01
6.577306767890889194e-01
-1.000000000000000000e+00
-1.964162259251260867e-01
-3.576344342173311541e-01
-4.296892917397397982e-01
-2.192715565802043076e-01
-7.621076044853208886e-01
-1.000000000000000000e+00
8.222344717937535297e-01
1.106818234147037838e-01
1.863150800511645944e-01
1.944646247772347236e-01
4.861171161276230945e-01
-8.898962715836666870e-01
-8.437426442192889064e-01
3.203023132079573232e-01
5.668659297673548370e-01
-4.541295282917964249e-01
4.799446603879159445e-01
1.906655442434568304e-02
-5.561711938755962148e-01
8.927121650526436136e-01
-2.905488024886906939e-01
-2.053723824546713900e-02
7.959382575643787483e-01
-4.736032920910306365e-01
1.783611764217868934e-01
-7.057514327068893367e-01
-1.854830000103807608e-05
9.168492080622150930e-02
-4.985326699837569486e-01
7.344069739200723701e-01
1.486123486323287501e-01
-7.095175870971683896e-01
9.603986583350581085e-01
-1.845885081169918451e-01
-1.148219768896722726e-01
2.177288157633598398e-01
-9.213317913169732920e-03
8.708331333066358926e-02
2.326991256727395929e-01
3.998866479404262209e-01
-5.706133908411155087e-01
-8.820077821240600580e-01
4.389256492819688660e-01
-3.672110089015356849e-02
6.664751502850341236e-01
-4.417195370330321280e-01
-5.130659624852117462e-01
-4.381903835961206140e-01
2.696906247349218910e-01
-7.607864780990373221e-01
-1.000000000000000000e+00
3.245129289507021619e-01
-5.352384099032178044e-01
1.306170157422673062e-01
-1.725855131844575285e-02
-5.261311026867609986e-03
-8.654555622207079635e-01
-6.960255411456446328e-01
-3.386734658209273330e-01
3.331111875025113966e-01
-3.038331431894175094e-01
3.614583290745049249e-02
-7.934118369037533869e-01
-3.502796660975542320e-01
1.861093536587116876e-02
-6.022152569451892923e-01
-2.845492809478317175e-01
-1.423015548106505990e-01
4.956811857433706114e-01
-5.324101550355951895e-01
6.169016805457900876e-01
7.801917913230731472e-01
-5.647664446594158338e-01
-3.019074953339276890e-01
1.640923018994926430e-01
-7.210028659976146503e-01
-8.713043169268365196e-01
-1.194600957161033872e-01
-5.661097838282544981e-01
1.398531491034075425e-01
5.509759219919714290e-01
7.521737104939029139e-01
8.957915965074825237e-01
-1.984336584565642991e-01
1.000000000000000000e+00
-6.239749656732316296e-01
-6.200646436334078526e-01
-3.637471569320242515e-01
3.264591524510424558e-01
2.643276051347465128e-02
-3.790496845127930836e-01
4.720708519398687103e-02
1.000000000000000000e+00
-6.167423753942875564e-01
7.281633108673364607e-02
-6.521297355410162755e-01
6.789349242686298913e-01
-2.868421103404246719e-01
-3.602759643582844618e-01
1.000000000000000000e+00
5.154812292527153339e-01
-4.432314064073589743e-01
3.585591655387782573e-01
3.517626925325282317e-01
-7.980022674023981022e-01
9.586847341792300581e-01
-5.969878059368725065e-01
-1.000000000000000000e+00
-5.040910350659064676e-01
-9.070623558596005998e-01
5.611863630256994639e-01
1.077634316577485846e-01
-2.879745311750318559e-01
1.738098105817074968e-01
6.574994144307400035e-01
8.593231170244700623e-01
-2.548035642996773209e-01
3.993728965858328595e-01
-9.941710737111018048e-01
-1.021687168428926096e-01
-7.644360480317405337e-02
-6.010829611807220335e-02
1.003632682221928113e-01
-2.189202498242273087e-01
1.000000000000000000e+00
-1.729669194907927920e-01
8.251196083302120288e-02
2.872038508471549401e-01
3.303197642663784073e-02
8.517688607135127654e-01
-1.099404413077415127e-01
-5.112954696482733263e-01
3.872358333986182233e-01
8.842983928754013512e-01
7.024053974691119029e-01
-5.254193555675703564e-01
-8.687852256291057618e-01
-8.120076975952967846e-01
-4.671733747346202836e-01
3.510345852763792629e-01
2.953560449340615901e-01
2.957878527684909553e-01
1.262448163714032234e-01
8.946219276469811188e-01
-4.068016380426368039e-01
8.779665674209390369e-01
6.942044453878613020e-01
6.608697250578421389e-01
-6.650083109856218533e-01
4.315284262850680452e-01
6.956591023321953560e-02
-5.213051320783119724e-01
5.267619685324274048e-01
1.630597710906030728e-01
-4.182703698224776723e-01
-6.739518783397122625e-01
-6.091882990361067174e-01
-8.870496682804862587e-02
-4.786704867876553360e-01
8.479924561817226980e-01
7.852459816481072163e-01
-1.398015017911360403e-01
9.035317846649832951e-01
-3.202044909089917790e-01
-2.317889700278614740e-01
-5.047924301887208864e-01
9.125384851854235757e-01
2.593227559911143176e-01
-6.248882514545753830e-01
3.552353167890848762e-01
-2.920748344940877761e-01
-3.215978851391249060e-01
-5.603739444173607698e-01
-5.134467023989927048e-01
-9.056841479720464383e-01
-9.348421139272183877e-01
7.697942062084180970e-01
3.812861606000829684e-01
1.731717693678810344e-01
5.812299016463265966e-01
4.816491551440850172e-01
-3.733339636728219557e-01
-4.916047221776863596e-01
-5.396820898961008500e-02
1.000000000000000000e+00
1.453799989885012356e-01
-9.698048138110447747e-01
9.590444223885525865e-01
7.550652809615555905e-02
-6.284653487439332276e-01
2.204580201235543102e-01
-7.462550221663557526e-01
3.099103443964836835e-01
3.905483455193848319e-01
4.843401430820762910e-01
-8.806410755859091222e-02
1.224015832543677851e-01
-5.403133700319392441e-01
-4.622929361623799305e-01
8.752155112926620628e-01
-1.403020957581254113e-01
-1.000000000000000000e+00
-1.005809131432409409e-01
-4.809998117384586824e-01
4.637569427180929238e-01
-5.662947613984258000e-02
3.928836775780742419e-01
5.846135079180400096e-01
5.828591125180941912e-01
-7.756735880377558789e-01
-7.339836270133819340e-01
-6.175188060035573523e-01
-7.052966380079450648e-02
3.545492960273958771e-01
-5.879372852031410357e-01
-1.000000000000000000e+00
-4.515830696923383569e-01
4.063856714424489425e-02
9.078995314493178981e-01
2.456004841584428222e-01
-2.344119019358373857e-01
6.898500806040812616e-01
-1.897775672053669815e-02
-7.644241567313778685e-01
-1.720494288639726199e-03
-8.423783689044814227e-02
3.850023853168953458e-01
-3.088005246892979727e-01
-9.667259054323877887e-01
8.543184129919469960e-01
-9.304679847494494727e-01
3.595686401711172264e-01
5.972242711653448222e-01
6.012552615962857283e-01
2.076465416834853972e-01
2.025197239299227348e-01
-2.931554577859911692e-01
8.555785304609495601e-01
8.016659935685331861e-01
-3.894356725964295829e-01
2.849537006819647944e-01
-6.366827064773059597e-01
9.767739071190421063e-01
4.612913274677396536e-01
6.971210434680826795e-01
-8.092167295863091081e-02
6.393177754204701912e-01
3.803314095236504100e-01
-3.974477152555727644e-01
-4.984648174486453476e-01
9.744491503101093688e-01
7.567155144323087779e-01
-6.932306277928917959e-01
5.739878766421435685e-01
5.905129354783402729e-01
-1.000000000000000000e+00
-4.247860798040598018e-02
9.051949292554042348e-01
3.665923504818061618e-01
