3.991240366476760926e+01
2.180704314910978781e+01
4.858835394814495601e+01
4.864341372532798857e+01
4.849466846406763665e+01
5.736878821817863638e+01
3.940901301948913726e+01
4.840157804100162764e+01
7.546661051127247788e+01
7.531982739098293678e+01
6.611389596854984063e+01
6.657946500072770846e+01
6.625379680945984262e+01
6.642784596782223616e+01
6.640901301948913726e+01
5.741275134159974414e+01
5.741275134159974414e+01
5.769669509194092427e+01
5.758835394814495601e+01
6.654896154643429895e+01
8.589282822853991206e+01
5.740901301948913726e+01
6.619185751001955964e+01
6.612506926914797134e+01
5.740901301948913726e+01
5.740901301948913726e+01
5.740528862039816715e+01
5.741650369121830977e+01
6.614206684551655258e+01
7.535809292906188261e+01
6.612506926914797134e+01
7.537237888630936311e+01
7.537237888630936311e+01
6.612226421822036571e+01
6.613636882440189879e+01
6.619788162462293712e+01
6.643547959267729652e+01
6.621310261863328606e+01
6.621310261863328606e+01
6.620090734553949119e+01
6.615935834262660364e+01
6.620698639161585675e+01
6.613353194306669991e+01
6.613353194306669991e+01
6.613353194306669991e+01
6.613921377653413458e+01
6.613636882440189879e+01
6.613353194306671412e+01
6.614779752022552373e+01
8.653703951986406651e+01
6.613353194306669991e+01
