-3.157106302639560269e+00
-1.638402737837969303e+00
2.147010763374582520e+00
6.993541981386605322e+00
1.476869127677710658e+01
1.669166483320500305e+01
1.397631633727368872e+01
1.490564812289501617e+01
1.756840628715109531e+01
1.955527352507349548e+01
1.892399346669641957e+01
2.004783537280348682e+01
1.740852687464908755e+01
1.837898658605026014e+01
1.865485311333098295e+01
1.960415807313197334e+01
1.960602398345194075e+01
2.042466447636436300e+01
2.041945674183432047e+01
1.989357115329760717e+01
2.244470391346413507e+01
2.128221744903451551e+01
2.064191239083960383e+01
2.126436675501706475e+01
2.038360318738962462e+01
2.188707172363274722e+01
2.337458101556923040e+01
2.788077547685449176e+01
2.929898937694362360e+01
3.330561372422578614e+01
3.470726558401018735e+01
3.683320365754470771e+01
3.949080059864322578e+01
3.683094268624402190e+01
3.966722505887425854e+01
4.029176419427511746e+01
4.225631722349833552e+01
4.330526615581756289e+01
4.260313402845044806e+01
4.301737742923739205e+01
4.419055350663858661e+01
4.874492979517611957e+01
4.722738005618343493e+01
4.854386675043941324e+01
5.006212033646430370e+01
5.175734719100432812e+01
5.051955340855822385e+01
5.077676995928153758e+01
5.088637277920167179e+01
5.133873338494331051e+01
5.292958722829087748e+01
