GEN Mean fit Std Best Ave life
0 -3.157106 7.190435 39.912404 0.0
1 -1.638403 7.7016 21.807043 0.0
2 2.147011 10.517954 48.588354 0.0
3 6.993542 11.57818 48.643414 0.0
4 14.768691 11.096055 48.494668 0.0
5 16.691665 11.799552 57.368788 0.0
6 13.976316 8.550353 39.409013 0.0
7 14.905648 8.535146 48.401578 0.0
8 17.568406 12.52663 75.466611 0.0
9 19.555274 13.178409 75.319827 0.0
10 18.923993 11.619468 66.113896 0.0
11 20.047835 13.406492 66.579465 0.0
12 17.408527 10.29273 66.253797 0.0
13 18.378987 13.056507 66.427846 0.0
14 18.654853 12.777861 66.409013 0.0
15 19.604158 12.574054 57.412751 0.0
16 19.606024 12.154603 57.412751 0.0
17 20.424664 12.748145 57.696695 0.0
18 20.419457 13.420128 57.588354 0.0
19 19.893571 14.179458 66.548962 0.0
20 22.444704 14.486651 85.892828 0.13
21 21.282217 12.038767 57.409013 0.0
22 20.641912 12.176389 66.191858 0.0
23 21.264367 11.430797 66.125069 0.0
24 20.383603 11.007332 57.409013 0.0
25 21.887072 10.938205 57.409013 0.0
26 23.374581 11.539808 57.405289 0.0
27 27.880775 12.114962 57.416504 0.0
28 29.298989 14.540928 66.142067 0.0
29 33.305614 15.953477 75.358093 0.0
30 34.707266 14.910763 66.125069 0.0
31 36.833204 14.631707 75.372379 0.0
32 39.490801 14.707623 75.372379 0.0
33 36.830943 14.282006 66.122264 0.0
34 39.667225 14.561613 66.136369 0.0
35 40.291764 15.504605 66.197882 0.0
36 42.256317 13.654424 66.43548 0.0
37 43.305266 13.295004 66.213103 0.0
38 42.603134 12.078989 66.213103 0.0
39 43.017377 12.135622 66.200907 0.0
40 44.190554 12.60643 66.159358 0.0
41 48.74493 11.449262 66.206986 0.0
42 47.22738 11.286683 66.133532 0.0
43 48.543867 11.729486 66.133532 0.0
44 50.06212 10.574977 66.133532 0.0
45 51.757347 9.4678 66.139214 0.0
46 50.519553 9.98333 66.136369 0.0
47 50.77677 10.666751 66.133532 0.0
48 50.886373 8.878421 66.147798 0.0
49 51.338733 11.932885 86.53704 0.22
50 52.929587 9.58912 66.133532 0.0
