7.190434900045937106e+00
7.701599599978630195e+00
1.051795358996669449e+01
1.157818033631030907e+01
1.109605543828081586e+01
1.179955185938386641e+01
8.550352562923523081e+00
8.535145667350064969e+00
1.252663034318568513e+01
1.317840914557133480e+01
1.161946812470433521e+01
1.340649214387291543e+01
1.029272954086670744e+01
1.305650736132672662e+01
1.277786138378218439e+01
1.257405422270045570e+01
1.215460265180606214e+01
1.274814483075857829e+01
1.342012805988355417e+01
1.417945830483148306e+01
1.448665072352683758e+01
1.203876680407558553e+01
1.217638910677922404e+01
1.143079661660108570e+01
1.100733185533524150e+01
1.093820513365171720e+01
1.153980783857716297e+01
1.211496199478457036e+01
1.454092831713731826e+01
1.595347682132505973e+01
1.491076264974517152e+01
1.463170687176415896e+01
1.470762282215869554e+01
1.428200595961506991e+01
1.456161333184143380e+01
1.550460501541652825e+01
1.365442392459440413e+01
1.329500412229156048e+01
1.207898910955088745e+01
1.213562221344571768e+01
1.260643026567850455e+01
1.144926198809216444e+01
1.128668277956298027e+01
1.172948598186719238e+01
1.057497740171849721e+01
9.467800484123484850e+00
9.983329840401937716e+00
1.066675146078873659e+01
8.878421345283909361e+00
1.193288548755466572e+01
9.589120394540314507e+00
