4.126748571063659776e-01
3.934490492323888255e-01
-1.000000000000000000e+00
-6.108983587503703516e-01
-3.279574613829903118e-01
2.381113255337674595e-02
8.976286425689641302e-01
-9.870242888666438397e-01
1.956995487337734319e-01
-4.291505658995739547e-01
-1.690830855696270341e-01
4.193462320573992930e-01
6.553806531133596902e-01
-1.447904688292361852e-02
-9.220116355994059099e-01
-1.412356222990154841e-01
1.758400019318129281e-02
1.328750726914121327e-01
8.334073108342141545e-01
5.136005340977042311e-01
-1.442938123993320332e-01
2.230991160011641661e-01
8.373587957460451592e-02
9.111879499301690777e-02
5.849416529554815058e-01
2.019830894915969344e-01
-8.169531926179494086e-01
1.000000000000000000e+00
-8.256257735048850854e-01
-1.879818666119778825e-01
1.461891185177900399e-01
1.615554327747100449e-01
3.640354379401895546e-01
1.816241171791613818e-01
-3.086872258849731598e-01
-4.184213953977469203e-01
-7.222546271994392253e-01
-1.123263588609738073e-01
-7.925953291461338424e-01
-2.143509728905512723e-02
-3.216210656836753223e-01
1.000000000000000000e+00
-1.000000000000000000e+00
2.318596815444333714e-01
3.616896128578969138e-01
-6.599559746171645980e-02
-4.630524630993387847e-02
-7.358691588380456006e-02
4.089756395202441830e-01
3.593852530412047219e-01
7.616171658917296750e-01
3.611299973201229085e-01
6.241175609392891621e-01
-7.084179941695665228e-01
3.141786095204180951e-01
-2.706643996052062184e-01
-4.257666539361104618e-01
5.371913514802227896e-01
-3.132465320228912109e-01
8.970224286147161497e-01
-1.000000000000000000e+00
2.198151697136774274e-01
-2.384722353531878447e-01
-1.891608294023434111e-01
7.586837479654659488e-02
-7.203583052569957346e-01
4.511346005672440262e-01
8.652054434819200779e-03
-2.904682566974687852e-01
1.382043630419035052e-01
7.092319382312712861e-01
1.595446900608350482e-01
-1.000000000000000000e+00
-1.369940337640211392e-01
6.299602300432752822e-01
-7.688841254105013290e-01
1.298174773345236732e-01
-6.655961678263986325e-01
-7.135561555345850682e-01
-1.264598541719701430e-01
-6.789795089581129872e-01
-1.870791107016918919e-01
8.768556063181278670e-01
6.727219157514696679e-02
-4.248469757736074159e-01
2.064600953869166200e-01
-2.351681688621520827e-02
8.716469851115044021e-01
6.261885059079470572e-01
1.833035420032336771e-01
4.025205258990158796e-01
5.983926798733398694e-02
5.505936609120878344e-01
-3.786521226491464942e-01
-2.040440407510303311e-01
-8.033368180884979948e-01
-3.050795238034239021e-01
8.074785380085480746e-01
5.460353535169564232e-01
-1.476682855473644418e-01
-1.100022392128813670e-01
6.518234690302355805e-01
-9.355390955504444550e-02
-2.556552516561920729e-01
9.885417676834215017e-01
7.923559219432394496e-01
6.160064221772194593e-01
7.318991846199580653e-01
1.179271046541346957e-01
7.359884148242710200e-01
-2.347922124824899370e-01
1.936671454944044468e-01
9.697455954787281840e-02
-8.495840244183979761e-01
1.000000000000000000e+00
4.126657022112714124e-01
-3.291510839180534775e-01
-6.918748629372052372e-01
-1.000000000000000000e+00
-5.571407428885781776e-01
-7.710650376562137864e-02
1.396193669377546742e-01
9.001095466716302340e-01
-2.191438224812232716e-01
-5.839979270070011497e-01
9.573915778701449497e-01
-6.050102519616231689e-01
7.223738855068684295e-02
5.029514089249926823e-01
-3.207871562064300575e-01
-4.007126685267800026e-01
3.757024163220380464e-01
5.832005201807757278e-01
1.750666086512088493e-02
3.170740748729578007e-01
1.993828549196996203e-01
-7.124770734929419813e-01
-9.935422008875626210e-01
-3.457132304674332413e-01
-2.758714790465198810e-02
3.494813840339552335e-01
3.311541766791900043e-01
-1.921204282128890495e-01
1.551232751310159808e-01
-8.909646638819350081e-03
-6.209331049207962305e-01
1.201457353247139537e-01
9.166444913078444223e-01
-3.442602095997155942e-01
-5.067371901245736332e-01
-4.656901404094253016e-01
-5.541085862401290418e-01
1.463722000635409581e-01
2.545166630130663021e-02
-1.064787659536534647e-01
-2.456460564939947910e-01
3.096942824237540470e-02
-6.488644979732313134e-01
1.731427308747301996e-01
3.962855717052958804e-01
8.755554638510639753e-01
-1.629044141270905577e-01
-2.950077699368262585e-01
-6.836611518018844702e-01
4.107161044105139824e-01
7.792145626908009159e-01
4.787619544453037834e-01
4.250859436639229383e-01
-7.500594444047684606e-01
8.137139864168345671e-01
3.436435046423665374e-01
-3.379407288579550084e-02
-9.129904662680180527e-01
-3.579113415169070667e-01
8.701656319590158478e-03
-1.019812043172526328e-01
7.898417886643336328e-01
-5.906428281532193347e-01
4.185160246821606478e-01
-8.267801629522961715e-01
-4.154080466144155492e-01
3.006081001331374347e-01
-4.875856642161828791e-01
-4.574165967600501981e-01
2.435310103992153474e-01
3.113886102683729451e-01
1.885526770530652207e-01
-7.569533965128485975e-02
2.586435048748918497e-01
6.865540113054101612e-01
1.000000000000000000e+00
8.337058460773416613e-01
1.000000000000000000e+00
1.973538605668339052e-01
-9.681200311422871740e-02
8.243387110120821148e-01
8.223269193663668153e-01
2.786334732846971196e-01
-4.691354024484025720e-01
-1.101993588667754542e-01
1.325878949657840755e-01
-9.130977327606977223e-01
-3.983804373579586944e-01
3.190249978244649176e-01
2.414752008179746889e-01
-3.197390362294637578e-01
4.477153483059982952e-01
1.337669984244378996e-01
-1.457483126562115761e-01
5.284343737604051405e-01
-8.346404067745512023e-01
-5.068662636418002077e-01
-1.250496095526264784e-01
2.035473858961098226e-01
-3.010306664377459529e-01
-2.509467176872391958e-01
-6.097946372928265690e-01
-3.616668248534755659e-01
1.000000000000000000e+00
4.704190203348448396e-01
-4.047463521400961328e-01
-7.018103659476888634e-01
8.846717705591995440e-01
4.771519301949041503e-01
5.268751844681096586e-02
-5.000721196861619422e-01
1.000000000000000000e+00
1.000000000000000000e+00
1.000000000000000000e+00
-5.202307260401934919e-01
7.866543942124937239e-03
5.983926566286288384e-01
-1.011625827658487187e-01
-2.507516856261715610e-01
8.084254048406154247e-01
-1.060981166267112030e-01
3.469610063613570716e-02
4.710284075996405972e-01
-1.000000000000000000e+00
-5.728795716842521868e-01
-3.890889608230641561e-01
-8.440664382034421820e-01
-5.490436558038053194e-01
1.000000000000000000e+00
-7.362455050190865880e-01
-2.969818998224210693e-01
3.545898654858574695e-01
1.172953150934312461e-02
9.771219613688830741e-01
1.000000000000000000e+00
-1.000000000000000000e+00
-4.819757984815568053e-01
-5.159921010721033596e-01
5.769052060526810299e-01
-3.758090959078399518e-01
-3.181056793146575523e-01
2.122687240856970525e-01
-9.696993137603215906e-01
-9.612868896530363250e-01
3.545800616130827532e-01
-4.632561214632180402e-01
-3.444605604984415370e-01
6.372829789484597551e-01
-2.049703793968398746e-01
5.893695026815024551e-01
