5.716226955283406141e+01
8.823385326087631597e+01
6.609736666659863147e+01
5.729621752534379908e+01
5.729621752534379908e+01
5.773214184093667001e+01
6.089224472101786034e+01
6.621310261863328606e+01
5.775297592783951472e+01
6.621003982910274033e+01
6.616811752271648572e+01
6.675297592783951472e+01
6.624425778641308682e+01
6.615935834262660364e+01
6.675297592783951472e+01
6.675297592783951472e+01
7.575297592783951472e+01
5.775297592783951472e+01
6.675297592783951472e+01
6.675297592783951472e+01
6.675297592783951472e+01
