GEN Mean fit Std Best Ave life
0 -2.261198 11.039051 57.16227 0.0
1 6.786854 21.769768 88.233853 0.84
2 6.35273 20.799643 66.097367 0.0
3 8.694077 21.717516 57.296218 0.0
4 11.109961 21.058617 57.296218 0.0
5 18.978081 24.613528 57.732142 0.0
6 38.16428 23.864452 60.892245 0.96
7 45.720045 19.57555 66.213103 0.96
8 54.010868 11.098718 57.752976 0.0
9 55.360674 8.457963 66.21004 0.96
10 54.0708 12.622879 66.168118 0.0
11 54.405877 11.321368 66.752976 0.0
12 56.415015 8.206719 66.244258 0.0
13 54.472963 9.80697 66.159358 0.0
14 53.752903 12.696564 66.752976 0.0
15 56.902423 5.193986 66.752976 0.0
16 57.930101 2.847391 75.752976 0.0
17 55.970093 6.988731 57.752976 0.0
18 57.596022 1.330756 66.752976 0.0
19 57.573703 1.33124 66.752976 0.0
20 56.850489 5.187599 66.752976 0.0
