1.103905125867844639e+01
2.176976808184326018e+01
2.079964304649973883e+01
2.171751614849971190e+01
2.105861693686350122e+01
2.461352843338384488e+01
2.386445176990703843e+01
1.957555006407248754e+01
1.109871780609072367e+01
8.457962742301662118e+00
1.262287900375262240e+01
1.132136781997827413e+01
8.206718650898864098e+00
9.806969777163681456e+00
1.269656382865089483e+01
5.193985895927680119e+00
2.847391392084502648e+00
6.988730594834542842e+00
1.330756355122271861e+00
1.331239747186681033e+00
5.187599465024164580e+00
