1.300956741322126220e+01
2.167699002086159510e+01
3.976889138314541583e+01
3.948254710353529617e+01
4.835455310235676762e+01
3.960637245364763714e+01
4.857946500072772267e+01
3.944704041507839065e+01
4.847853908213776464e+01
4.842027017401377975e+01
5.736521039683074719e+01
4.847853908213775753e+01
4.844317193830047330e+01
4.839788117912030430e+01
3.100956741322126220e+01
5.747057091248856864e+01
4.851520306650935055e+01
3.099605369405454169e+01
3.062936197187233844e+01
2.180150296873416949e+01
4.864341372532798857e+01
