1.270154240169542037e-01
6.982481482483020585e-01
-9.458925213606986238e-02
-7.375524250194143150e-01
-7.495210879801978976e-01
2.287277892278381519e-01
-8.714160519444786868e-01
1.000000000000000000e+00
-2.963765363785607065e-01
-4.659992642727923129e-01
9.761578043031309271e-01
2.118526425877422237e-01
-1.014780031662060600e-01
-4.046774399554622370e-01
8.459136292949448466e-03
6.845791413675814674e-01
-2.577591196767932136e-01
-5.409492990853331795e-03
-6.986980595073609690e-01
2.930879973476641087e-02
-2.517048319866487804e-01
-1.413819631762370799e-01
-1.894825899704135619e-01
4.846195314372326868e-01
-8.894122235987320657e-01
6.643461537080276313e-01
-8.496506271955781564e-01
1.000000000000000000e+00
-2.677960943076904132e-02
-7.053634144067022493e-01
-7.787127375193124701e-01
-9.419107094835749150e-02
-9.827918681699105985e-01
-1.000000000000000000e+00
-7.561074416900239736e-01
4.338778322777937513e-01
3.231216541232433404e-01
1.202150952984627347e-01
-1.191640913238769528e-01
-4.475819661470138433e-01
-8.659488124451391045e-01
3.201360088410564186e-01
-3.451698110678240172e-01
-1.347888184677950296e-01
8.236767981850774412e-01
-1.154742492844625101e-02
-4.265098402704770031e-01
6.357172160493743673e-01
9.617269277023808849e-01
5.137920050933608707e-01
4.980002074643746779e-01
-3.130483980772885144e-01
-4.075155490748659237e-01
8.554424089352218319e-01
8.006824535951383437e-01
-2.510114385743052873e-03
-8.992649415497865062e-02
-3.638419348810975062e-01
4.732594981616615182e-01
-2.823389211737415416e-01
-8.155260550283820464e-01
-4.587313700618960710e-01
-8.100472512726075713e-01
-5.405974504843421569e-01
6.470626228564364535e-01
8.431191107582977073e-01
2.665167224667848167e-01
3.915282228147864974e-01
3.845778886854432921e-01
-1.000000000000000000e+00
-3.439637305437342474e-01
-5.603569045210897714e-01
2.485581306755389186e-01
4.960948441588341473e-01
-2.995896572920462853e-01
3.218684141249417152e-01
-2.012296445566447989e-01
1.093389393613556360e-01
-6.499262964010493748e-01
-7.216928889111171586e-01
-6.089504530608424310e-02
-8.132154183618904852e-01
-2.474989189666860490e-01
1.935190504356809615e-01
-1.395252477065803409e-01
-2.573811694083717461e-01
3.993018121974899470e-01
-1.326980537246149339e-01
1.904950677318650865e-01
-9.751948181530265547e-01
-2.193114863991519337e-01
-8.820408384476612351e-01
-3.247845134487699070e-01
-8.732292639438858917e-01
-6.150767494739262098e-01
5.406544645022245410e-01
1.000000000000000000e+00
6.469048916709509989e-01
8.494873139035417076e-01
7.206546527516904943e-01
-3.024405435462006464e-01
7.275329993231467451e-01
-1.000000000000000000e+00
3.248750944718804129e-02
2.670514948858513371e-01
7.559590444138496457e-01
-8.168645384879249516e-01
-9.215945642881223643e-01
7.216108005826528116e-01
-3.256091841184827751e-01
6.579947291920692498e-01
-2.985034153526652245e-01
8.494516194919873864e-02
6.797267834075368942e-01
-5.352157926486432460e-03
-1.000000000000000000e+00
7.961075820293106453e-01
8.440170549430753288e-01
1.595495446930044192e-01
3.661345129323529957e-01
3.879896897864884009e-01
4.288563910396127610e-01
-1.298045463926108256e-01
8.803347951311685238e-01
4.456631620454236109e-01
-9.114370323745619729e-01
1.707162686042166810e-01
-8.376504520875056592e-01
-3.981154811148746586e-01
-5.072601193078744020e-01
-2.976641653272835142e-01
-5.031411062615940288e-01
2.880289776515159716e-01
-7.614481901741826375e-01
-3.097109140982620135e-01
-4.775590696380057620e-01
-9.491659973246546755e-01
-1.000000000000000000e+00
-6.275171877842178336e-01
9.530645925320557765e-02
3.825238359748897032e-01
6.116324179140369965e-01
-4.503843845909249466e-01
3.107386702089660058e-01
6.911081270748912209e-01
-4.255905979346842338e-01
1.954185121378290146e-01
7.495313070659695431e-02
-2.993088694852293341e-01
-5.794179529866807510e-01
-8.246165288048016295e-01
-7.122341214587494251e-01
5.071314817705663280e-01
-6.343566135019395036e-01
-7.358338557881091146e-01
1.260635663796888517e-01
5.092011997700449655e-01
5.510033105028021572e-01
-4.704540471623454567e-01
7.220965475408778200e-01
-2.101003872394377192e-01
2.233082284120463112e-01
9.268717402852453269e-01
5.349663947009029030e-01
-5.512489612500013347e-01
-1.374749371555162580e-01
1.020018825975386040e-01
3.855202512447707397e-01
2.369664147395345033e-02
-1.331271868540519383e-02
6.296395351116199635e-01
-9.669621525324542111e-01
8.313640923049918641e-01
9.670027627270172399e-01
1.464851611810265575e-01
9.537565563634382571e-01
2.269125043226331295e-01
2.745308902880807533e-01
-4.608390440349415806e-01
-2.334518080959064323e-01
5.916242031338375673e-01
-8.863882689097548617e-01
-7.820625947190202876e-01
-1.903901949760591905e-02
-1.000000000000000000e+00
5.529865566874747618e-01
8.646189970423149296e-01
8.060467929306402990e-01
-2.532263247835652709e-01
1.478077644500197518e-01
-7.144176437076643627e-01
-1.935791945179826667e-02
-9.508077476396455952e-01
5.281837265180155255e-02
3.417890201420474283e-01
-1.332538873392138945e-02
1.000000000000000000e+00
1.000000000000000000e+00
1.907114619760518492e-01
3.543520515192368769e-01
-9.796247723222341053e-01
6.400253862594575960e-01
-6.990235728053576514e-01
-4.853591839396745322e-01
9.618218979900601262e-01
-2.162147518835155768e-01
1.806961736854242606e-01
-5.762895788391940721e-01
7.618744363195628644e-01
-5.761313823997918360e-02
-2.795975183547937393e-01
3.794778909742358985e-01
-1.703601181640506668e-01
7.948410068883797752e-01
8.496794050268355880e-01
-5.538896673002334792e-01
-8.465665452915736022e-01
1.000000000000000000e+00
-3.502643106597337908e-01
-2.376213958366640566e-01
1.540752974541694520e-01
5.161843474424621103e-01
5.884978823720926622e-01
2.735307527685434392e-01
2.554734878938965115e-01
1.240722062080712451e-02
4.078304725042895817e-02
-6.146807031287543355e-01
-5.791496390760790813e-01
-2.153465420216568449e-01
-2.659656529320628682e-01
8.303690635465283965e-01
4.845170229117615746e-01
9.136718261573109068e-01
-5.949757192481183177e-01
5.528386627905320649e-01
1.449188305446514335e-01
-5.944090949715445937e-01
-2.449502186833973361e-01
1.359976182290396629e-01
-5.870534046225941438e-01
-2.613539364641386253e-01
-6.658582668616681577e-01
8.646944610656076557e-02
5.045104427168012329e-01
6.922693019509289503e-01
-1.139337848414271812e-02
5.861787693165747548e-01
5.859705681221540896e-01
1.000000000000000000e+00
-5.608539136339474318e-01
-7.060472641333106480e-01
-5.402016717123050427e-01
7.440864578794674777e-01
4.873519279888778311e-01
-5.979444529214579251e-01
2.534348377543581554e-01
8.750511083871328477e-01
1.951096563190594380e-01
-1.477869557718779203e-01
3.740596016833051540e-01
-6.467666552299564664e-01
5.581027583294573269e-01
6.726264890303643718e-01
-6.514684278525956218e-01
