-3.060775834800396833e+00
2.985718660331749597e+00
9.096562740762445642e+00
1.640362466631822969e+01
1.539143084486247481e+01
1.398389732280373288e+01
1.492709265976322897e+01
1.335599158710216727e+01
1.300956741322126398e+01
1.335471848797395999e+01
1.353082706919208889e+01
1.388124809405709570e+01
1.300984045182407911e+01
1.335853370970870380e+01
1.300956741322126398e+01
1.300956741322126398e+01
1.300956741322126398e+01
1.387586663610106896e+01
1.351821210890059355e+01
1.300956741322126398e+01
1.318391607378556252e+01
-5.175589677982861403e+00
-1.201465311202179809e+00
5.286236324637672901e+00
1.563543747765452885e+01
2.021931747893462372e+01
2.023535738848402943e+01
1.757312357444781270e+01
1.547766776021027901e+01
1.812840366978604223e+01
1.687273354230058686e+01
1.725852783087010778e+01
1.529893514372815844e+01
1.547915611640095612e+01
1.532366913846788137e+01
1.424157741128039056e+01
1.690669678205457416e+01
1.530325315379578832e+01
1.337170836591329071e+01
1.353553657893654361e+01
1.336106243227294321e+01
1.389862912777928905e+01
