GEN Mean fit Std Best Ave life
0 -5.17559 2.933712 13.009567 0.0
1 -1.201465 7.90724 21.67699 0.0
2 5.286236 11.037618 39.768891 0.0
3 15.635437 11.66153 39.482547 0.0
4 20.219317 11.555197 48.354553 0.0
5 20.235357 10.224495 39.606372 0.0
6 17.573124 8.87968 48.579465 0.0
7 15.477668 5.582783 39.44704 0.0
8 18.128404 9.191391 48.478539 0.0
9 16.872734 8.73614 48.42027 0.0
10 17.258528 11.235398 57.36521 0.0
11 15.298935 6.301435 48.478539 0.0
12 15.479156 7.729639 48.443172 0.0
13 15.323669 6.598326 48.397881 0.0
14 14.241577 3.528976 31.009567 0.0
15 16.906697 9.74196 57.470571 0.0
16 15.303253 6.336264 48.515203 0.0
17 13.371708 2.517803 30.996054 0.0
18 13.535537 2.715024 30.629362 0.0
19 13.361062 1.71849 21.801503 0.0
20 13.898629 5.113801 48.643414 0.0
