2.933711939674009006e+00
7.907240263576353456e+00
1.103761849659566074e+01
1.166152956509502481e+01
1.155519692433007428e+01
1.022449457609779166e+01
8.879680134458126872e+00
5.582783049433785116e+00
9.191390962312603108e+00
8.736140304604054663e+00
1.123539771879511129e+01
6.301435391872438174e+00
7.729639402417719296e+00
6.598325713521138169e+00
3.528976369528986634e+00
9.741959588193189745e+00
6.336263978963162735e+00
2.517802779130420721e+00
2.715024065373134121e+00
1.718490183813608407e+00
5.113800511493752587e+00
