3.100041588523838598e-01
-9.269159346559568968e-02
-1.262480833351238285e-01
-2.821270610081488828e-01
1.216907807515266171e-04
-1.451479209634455037e-01
-5.717069666353901125e-01
-7.893573548232385440e-02
9.513072670063801306e-01
-5.248242650011653021e-01
8.515274397169990683e-01
-5.658314840515856758e-01
7.637795458526562831e-01
6.930234250965339182e-01
4.918921354603306151e-02
-1.120581624031507240e-01
3.504017922656204043e-01
-1.000000000000000000e+00
3.111135256817292305e-01
1.067128958013098677e-01
3.623649678908565375e-01
1.000000000000000000e+00
-6.312257685251519979e-01
-1.000000000000000000e+00
-5.823850158589065629e-01
6.347029982548387794e-01
2.959094955191828857e-01
-2.058187612583775028e-01
-1.000000000000000000e+00
4.508018659392046823e-01
-4.797677835475313568e-01
-2.655375373286357130e-02
-8.028925403176780939e-01
-9.803439489978896249e-02
6.354737461563059187e-01
5.000030388405651838e-02
-2.108694877135280643e-01
-6.744958499341007219e-01
-5.426118095421553766e-01
-1.199574056636369401e-01
7.047102014416167792e-02
-7.028291305002045686e-01
-4.753653955241945450e-01
6.678994369216967493e-03
5.711109901422006807e-01
7.120353103409431395e-01
2.103500193114175021e-01
7.542301655817449380e-01
-1.018704337173002017e-01
-9.825565995957373788e-01
-5.651534013447334637e-01
-3.069746781778566191e-01
4.349461572220844063e-01
3.195135106451507667e-02
-6.586954939088396355e-02
-1.000000000000000000e+00
-6.624163819005380871e-01
-2.347027269572926067e-01
1.339876820423496762e-01
-5.904574787233831668e-01
9.486102135283251968e-01
-5.587787865633914164e-01
-3.727223533422930335e-01
-2.269362887320397482e-02
-2.539282705015019070e-01
-2.706175283757494832e-01
7.809485581519490793e-01
4.768969105363189409e-01
-6.835408819740282915e-01
5.536626213923953044e-01
-2.413290568875720021e-01
1.227581726780412053e-01
-4.005935491944194182e-01
4.056548618781866122e-03
-9.755695551737267879e-01
-4.621165584981598018e-01
-1.000000000000000000e+00
-2.378516602123445511e-03
-6.200240619521264485e-01
-1.950662542250068132e-01
2.460385332070381681e-01
9.191132571108615590e-01
-7.817508293028102573e-02
-6.567207758745255974e-01
5.346553844327318616e-01
-2.312582099396558177e-01
6.315756901756630626e-02
8.993719135288928967e-01
9.666760703550478784e-01
-4.248101591739430472e-01
9.699827820481673468e-01
-1.573412612925097209e-02
-9.068852586492781587e-01
-4.930497176239508061e-03
1.000000000000000000e+00
9.400032677671320558e-01
-4.760288634900534110e-01
-6.061995045487109657e-01
7.908965424105328657e-01
-6.720392024615806648e-01
-1.636520448454132359e-01
1.553826620050035578e-01
-3.757793113692212139e-02
-9.581003235147940167e-01
-2.472350268945347485e-01
-6.214678219529926606e-01
-6.305417663369917713e-01
-8.504920954293588853e-01
9.851126571355319772e-01
2.518488525429282143e-01
-1.726103856373302770e-01
-4.750951367075930687e-01
-1.000000000000000000e+00
4.586478348789079784e-01
-2.762503450840210206e-01
3.523719276844019532e-01
6.269377909459248333e-01
-5.780746855322809186e-01
1.000000000000000000e+00
1.000000000000000000e+00
3.795013269445215442e-01
-2.791836647366229274e-01
6.846623320235293297e-01
9.469427959957746888e-01
-5.319869965316361693e-01
-3.673291669116193203e-01
-8.802950108574033594e-01
-4.588525368119820702e-01
7.270716232409732416e-02
-8.102295149834251031e-01
8.224989252418986041e-01
-2.434036313418936892e-01
-5.666068057572322125e-01
6.226739872804116782e-01
2.783363693484137702e-01
6.169918679259336347e-01
-9.614859657600424159e-01
-5.758293829159885080e-01
1.000000000000000000e+00
-3.231678761547722711e-01
3.954487656089883396e-01
8.576573224672520146e-01
1.271285716956035983e-01
5.808746544025842340e-01
7.345996633536799880e-02
8.019334930264677697e-01
-2.249438595686698017e-01
-9.505972753665116459e-02
2.279752818020502891e-02
-4.542162328092266832e-01
6.309117151463725648e-01
-1.000000000000000000e+00
1.000000000000000000e+00
-1.532212250325681313e-01
-1.472127662518581959e-01
4.852602780842720787e-01
-9.848952531358967644e-01
-4.011122040767491070e-02
-3.933004122449524909e-01
-6.325671274749457007e-01
-4.425604184459828172e-01
-7.297055747747838161e-01
-1.000000000000000000e+00
1.000000000000000000e+00
-1.331609223356389204e-02
6.502783183468112682e-01
8.769592105641216273e-01
-6.319050338783918086e-01
-6.978143962059106808e-01
9.603455126133941810e-01
6.050127486793957510e-02
4.609973897174585167e-01
-5.476339670793359815e-01
-2.987585086320199146e-01
-3.125379492927118363e-01
-2.481055896770051339e-01
1.585872678601903396e-01
-6.420093942413891419e-01
5.263844529426289220e-01
8.331304743581848804e-01
3.663561946005784442e-01
6.954878338048686715e-02
-1.988388067069021825e-01
6.434529610635381092e-02
1.375658489382166616e-01
-5.992928332871729769e-01
-2.877078717817919129e-01
-2.019350866144280499e-01
-4.404685554933955305e-01
6.971986113021253484e-01
5.428890182810084397e-01
-1.587652577864955838e-01
-6.182927230573316280e-01
-4.905838391677302956e-01
-4.094873884156755572e-01
-1.000000000000000000e+00
3.676445354225030271e-01
2.509667269065170014e-01
6.673235061695694803e-01
1.904066524799443161e-01
1.937398114209791800e-01
-5.044442105196498272e-01
1.001138259034497768e-01
-5.516302675907340802e-01
3.039005304005235053e-01
1.830967093582038796e-01
4.405421690530348933e-01
9.282720701649939121e-01
3.353283118219170245e-01
1.376544925607303682e-02
-5.167827388261071464e-01
-5.860182124626810429e-01
7.232961725316126023e-01
3.937159619989791248e-01
-5.281559536441708946e-01
-7.998289274939769378e-01
-3.562665030429751356e-01
1.000000000000000000e+00
1.668134937348019764e-01
7.553686262177632393e-01
-8.139433402640939841e-01
7.153468649969525472e-01
1.645901976702857095e-02
-3.874256218985384637e-01
6.648223969638575315e-02
2.960374020459097810e-01
-5.959471416646420217e-01
-8.435805468886571346e-01
3.297866581795486085e-01
9.183250723278898464e-01
-6.881733351066064708e-02
-7.188944820648124345e-01
5.286617570910070452e-01
-1.000000000000000000e+00
1.000000000000000000e+00
2.006971516619893148e-01
-8.896287210235873655e-01
9.104620294667986613e-02
6.246850668767023329e-01
-5.675051429409233572e-01
-6.660858381844980691e-01
1.403767305030750867e-01
8.375171355800903328e-03
2.373041715635500482e-01
-4.840551067357745652e-02
-4.838079496934580837e-01
-1.109573552870749269e-01
1.888315818456571815e-01
-4.674150379016752677e-01
-6.997945440273863893e-01
-8.378432104962448834e-01
1.000000000000000000e+00
-3.644891874092478501e-01
6.268075901601924405e-02
-5.021797680960118360e-01
2.423295884430802793e-01
-8.504502937655125661e-02
6.237670988431384678e-02
6.844115473883297662e-01
-4.717598401729628521e-01
-1.667373803884919514e-01
3.897984055754861732e-01
-1.000000000000000000e+00
3.102627214702628478e-01
5.024384734968444510e-01
