5.677346333071253071e+01
6.589297711225773924e+01
4.773090371629373863e+01
7.471773325310400082e+01
6.577148899640882007e+01
8.595002475774052186e+01
8.681173587691741034e+01
8.423879267830493234e+01
7.485153170408234757e+01
8.479140997390337020e+01
8.583879267830492665e+01
7.488190280195864545e+01
8.484302101441444677e+01
8.701173587691741318e+01
7.476951855242151623e+01
8.499342407327507942e+01
8.499342407327507942e+01
6.588631782016776128e+01
7.478139988030827112e+01
8.563879267830492381e+01
7.477148899640882007e+01
