0.000000000000000000e+00
0.000000000000000000e+00
0.000000000000000000e+00
0.000000000000000000e+00
0.000000000000000000e+00
4.400000000000000022e-01
5.999999999999999778e-01
8.000000000000000167e-02
0.000000000000000000e+00
2.000000000000000111e-01
4.000000000000000222e-01
0.000000000000000000e+00
2.000000000000000111e-01
1.000000000000000000e+00
0.000000000000000000e+00
2.399999999999999911e-01
3.599999999999999867e-01
0.000000000000000000e+00
0.000000000000000000e+00
3.599999999999999867e-01
0.000000000000000000e+00
