8.496398719033081415e-01
1.039906479973998721e+01
2.029235246505699308e+01
1.941166215965491659e+01
2.732583186192889002e+01
2.674768120245053638e+01
2.641324716194219846e+01
2.121341144783922061e+01
2.899921764394196089e+01
3.560436282220671700e+01
4.005466043724813829e+01
4.936744809319609573e+01
5.359876300223354662e+01
5.393227694748183154e+01
5.500586098401760182e+01
5.570468105065543796e+01
5.791756361498605798e+01
5.749503231358483646e+01
5.792208597472685483e+01
5.842369404357740592e+01
5.905229307667614336e+01
4.366506720631662120e-01
3.419845588537973935e+00
4.582562854033469968e+00
9.885400588487476270e+00
1.207672889690850582e+01
1.832332186794637252e+01
2.208341983679495257e+01
2.451158326999631853e+01
2.822270849434027795e+01
2.990789308211763498e+01
2.692208308036546427e+01
3.007257744258807008e+01
3.012314079271711265e+01
4.173906015488314836e+01
4.370342689555334204e+01
5.006449574876748443e+01
5.821361512961513540e+01
5.813356431539959601e+01
5.755140057299856693e+01
5.840299073762626136e+01
5.938310918952369377e+01
-2.198076840373600072e-01
8.898583401895299616e+00
1.048057945731315144e+01
1.354965144801340315e+01
1.902394520885343709e+01
1.783078868325769761e+01
2.324860509575973921e+01
3.020520279222436244e+01
3.976475489473041591e+01
3.533069820938922589e+01
4.245808908027489537e+01
4.726681488588790359e+01
5.373753087800239570e+01
5.713127938538288930e+01
5.687063446346360962e+01
5.811008856134133538e+01
5.756052138956967923e+01
5.839348635193626080e+01
5.720184700397105360e+01
5.964514762475261733e+01
5.821733153585289244e+01
-8.526256372855958166e-01
7.714241694239828639e+00
1.118805697887830952e+01
2.268302927154779525e+01
2.333359371122599768e+01
3.242387024871494106e+01
3.389867598772744373e+01
3.799519767155720018e+01
4.044823304047238821e+01
4.672022567541738880e+01
5.077666162461123633e+01
5.502540731174787680e+01
5.610036683309454020e+01
6.029393206816660467e+01
5.607150128060825267e+01
5.824009841529134945e+01
5.915151552752359976e+01
5.660363406874661507e+01
5.785744500824223024e+01
5.898285808705310274e+01
5.803256952705591232e+01
