GEN Mean fit Std Best Ave life
0 -0.852626 12.328957 56.773463 0.0
1 7.714242 13.777076 65.892977 0.0
2 11.188057 13.078607 47.730904 0.0
3 22.683029 15.473696 74.717733 0.0
4 23.333594 15.456378 65.771489 0.0
5 32.42387 18.106598 85.950025 0.44
6 33.898676 19.271856 86.811736 0.6
7 37.995198 19.211534 84.238793 0.08
8 40.448233 19.002722 74.851532 0.0
9 46.720226 17.996713 84.79141 0.2
10 50.776662 15.167982 85.838793 0.4
11 55.025407 12.36939 74.881903 0.0
12 56.100367 9.648001 84.843021 0.2
13 60.293932 8.139605 87.011736 1.0
14 56.071501 8.55259 74.769519 0.0
15 58.240098 6.915072 84.993424 0.24
16 59.151516 6.58471 84.993424 0.36
17 56.603634 5.498404 65.886318 0.0
18 57.857445 3.438056 74.7814 0.0
19 58.982858 8.624313 85.638793 0.36
20 58.03257 3.602384 74.771489 0.0
