1.232895726334391284e+01
1.377707576552968405e+01
1.307860741045630526e+01
1.547369602628676155e+01
1.545637831218452618e+01
1.810659821456856733e+01
1.927185577567264829e+01
1.921153372915308566e+01
1.900272232076188317e+01
1.799671256245868278e+01
1.516798154800673082e+01
1.236939031810208434e+01
9.648000843692084771e+00
8.139605380277989966e+00
8.552590442146243532e+00
6.915072037572425501e+00
6.584709647936374921e+00
5.498404176828182166e+00
3.438056196623154648e+00
8.624313202993809213e+00
3.602383999009421967e+00
