5.677346333071253071e+01
8.701173587691741318e+01
5.677346333071253071e+01
6.577940982990025987e+01
6.576363040979629204e+01
8.703879267830492950e+01
8.703879267830492950e+01
6.577346333071253071e+01
7.477544157072463804e+01
8.374233241211736356e+01
8.701173587691741318e+01
8.645982874727957324e+01
8.766660195700335123e+01
8.426660195700335976e+01
8.796755198344948212e+01
8.579140997390337020e+01
8.525367074233110998e+01
8.701173587691741318e+01
8.699140997390337304e+01
7.486443510891825781e+01
7.477346333071253071e+01
