2.883867973279251595e-01
8.863797577260279503e-02
-3.597381012618408591e-01
5.882220385055287881e-01
2.392048138347858954e-01
-8.457554749557458229e-02
-3.046512414714527273e-01
-3.374260976155275538e-01
-6.704439569901931018e-01
2.223068545848563282e-01
3.435173423954504535e-01
-4.004939852648543019e-01
-6.575614952126738189e-01
-1.000000000000000000e+00
7.421814077245295627e-01
6.931558141914199167e-01
-1.000000000000000000e+00
-4.639946017514655630e-01
6.536948060933769900e-02
1.343493345311091436e-01
-6.684711831554370765e-01
-1.426024514621393458e-01
3.016644702672825473e-01
-4.450876860200114749e-01
-8.974584345731118074e-01
-3.824820825309300787e-01
9.763372984538736254e-01
1.121010403348972340e-02
-3.133681939427021002e-01
-6.309425520685114641e-01
4.350795467480386147e-01
1.576556214712912518e-02
1.599084670064920832e-03
-1.181758228064085370e-01
-1.423205763070430341e-01
-5.921524434433368400e-01
-2.041613797481351411e-01
-2.643448251364029500e-01
-9.170944229161234751e-02
-8.708837100258802755e-01
1.548946591774079673e-01
6.693873422392593309e-01
-4.892038483930881698e-01
4.586256950360857454e-01
3.011123419341538154e-01
-1.000000000000000000e+00
-2.109878143055464172e-01
1.282438568862161177e-01
1.169351299209635819e-01
-2.176795518004076557e-01
3.568688546293856123e-01
-5.402860853026540955e-01
-3.451334860299899443e-01
1.079927383784684558e-01
-3.745821864803451362e-01
6.018828476336486322e-01
-1.000000000000000000e+00
-4.684803294322907874e-01
1.313081547661389126e-01
-3.183042619346808100e-01
1.000000000000000000e+00
3.284019140363477751e-01
-1.000000000000000000e+00
-7.073037013276288754e-01
2.748011970774260626e-01
-1.000000000000000000e+00
1.000000000000000000e+00
-4.787211703227748361e-01
-5.339052417676209972e-03
4.705330163728810300e-01
7.521172782677079116e-01
-8.100257426970919328e-02
2.453426480695387046e-01
8.602709421805661005e-01
-2.282426892951772146e-02
5.811194280626719166e-02
-2.096060548227506870e-01
1.110103445994539001e-02
-4.774128709346328048e-01
3.825647398974305613e-01
4.897263456878498539e-02
-5.081701556206246195e-01
8.690985763939695907e-02
-1.615079967333354904e-02
-4.518427768976178704e-01
-9.437092667646792554e-01
-3.817450166675804835e-01
3.323805335864404298e-01
5.632117575943489385e-01
-1.599399340548820492e-01
-1.610973520736246056e-01
1.276236797674337176e-01
-9.485388538367989231e-02
6.848069879362693735e-01
-8.846541017873857937e-01
5.739600722028206925e-02
5.765212711978395799e-01
-9.119427028564074111e-03
-4.289698338325798055e-02
-7.303296846887558091e-02
-3.361235107129078581e-01
-2.855500061862490391e-01
-6.359594093270283244e-01
-5.994926271045788457e-01
-2.205180539278107921e-01
-7.301660965071293807e-01
6.819044358832746511e-01
1.190734980939168464e-01
7.609438506300545413e-01
-5.473445359427298040e-01
-7.116283787185986309e-01
-3.480764565010165401e-01
-1.000000000000000000e+00
2.055535637492847401e-01
1.340119750586443725e-01
-2.043308438714755426e-02
-3.242010346529659581e-01
6.360637170642958749e-01
-1.687540181547036167e-01
-9.654093936029578549e-01
-2.401814527620883544e-01
-5.044695637005681688e-01
9.369649573509275520e-01
-8.255006106596659565e-01
-4.551906205493058133e-01
-2.813417014525372295e-01
-5.164487893300265808e-01
8.356446391885956615e-01
-5.538545533912155872e-01
4.122964448975314777e-01
-1.000000000000000000e+00
1.065386037663926394e-01
-4.086549461075197898e-01
7.204263896988754023e-01
-6.201263213701732058e-01
5.234775521078203209e-01
-5.233225054391208442e-01
8.473205284512647095e-01
9.216664787367225831e-01
-4.289380716912097880e-01
-1.000000000000000000e+00
-1.031554899358600730e-01
-3.082994750185433230e-01
-7.960051773554838173e-01
3.664651965918410137e-01
7.523143941282698366e-01
1.681682854635357938e-02
-3.173901735743292485e-01
-7.507611306659055239e-02
-6.086026808441720171e-01
2.521029933926484112e-01
4.214500059710686308e-01
-7.072197297262106108e-03
-4.050944334173310901e-01
3.623460737644254026e-01
6.462925239681491796e-01
-6.221180259327274698e-01
-1.000000000000000000e+00
-5.570349873941172758e-01
-4.902794405046617676e-02
6.043149655756201444e-01
-8.179366661491482837e-02
-3.641656778859048149e-01
8.480270755720317188e-01
3.594458357716864283e-01
4.566557131859341756e-02
1.000000000000000000e+00
2.099422079607271008e-01
5.573204208768542944e-01
2.392191744778676687e-01
-8.577767260679155514e-01
3.623053072782270734e-01
-1.000000000000000000e+00
-2.750087725093743329e-01
6.165295594528011902e-01
-4.439346515501350621e-01
-1.615203453339530137e-01
2.482838070429145005e-01
3.393924502487543626e-01
-1.879512705090282676e-01
-3.193755787152864345e-01
3.148249092308688657e-02
5.789844057453839010e-01
5.097470299776373226e-01
5.398835242944433066e-01
-2.801205472996142198e-01
-1.000000000000000000e+00
2.078317053706703055e-01
5.361842786552623030e-01
4.368624612400064944e-01
-4.528558281849560663e-01
5.248099871261788785e-01
-1.000000000000000000e+00
-3.257111178788091310e-01
-3.146874585730229379e-01
-7.077578622026217126e-01
9.133699765835339157e-01
-1.810761120133553281e-01
-9.582696806722412752e-01
6.889509654220962176e-01
-3.777618452548782146e-01
-1.287989716532300100e-01
5.782456119881751455e-01
3.469905861102924316e-01
6.548329935005555713e-01
-5.612658164659179993e-01
3.599531918420724175e-01
3.819991414687568532e-01
-7.284260142320085896e-01
-5.302043596269084835e-02
-6.645956087056084094e-01
-7.518484605056690029e-01
-4.925753180440470835e-01
8.598661169424880457e-01
-5.774499645429137518e-02
-1.816096189012964546e-01
-8.555047236963552182e-01
1.000000000000000000e+00
2.912304149320028568e-01
-4.263515279535051716e-01
9.789926989219971398e-02
-4.461889924700410681e-01
-9.930451107005439093e-01
-3.001978249455639625e-01
-8.578628950264405306e-02
-1.503539950312704487e-01
7.648086533764810735e-01
3.988187333629997777e-01
2.579731769370717798e-01
-6.169069231837156497e-01
2.144892438255196487e-01
-9.868155147144873629e-01
-1.996300800368937256e-01
9.117401171473853427e-01
6.653565576834946649e-01
2.797408041292039071e-02
-5.966726613491749598e-01
-7.930060119109566541e-02
-9.377551129586951806e-01
-3.204743901845655829e-01
-5.858762256929962442e-01
-3.970292595160161697e-02
-5.420866637726458048e-01
-3.628110682908983753e-01
-2.984471756438714096e-01
1.590277728538583846e-01
-9.182509460984795702e-01
4.502418270623471108e-01
3.908848099387796093e-01
-4.392673381066066196e-01
-1.000000000000000000e+00
-2.818135167949005204e-01
7.533541165102490833e-01
2.595017678752419288e-01
-1.842725148542620206e-01
-5.197371487942001878e-01
8.769791905444450641e-01
8.095501071117030545e-01
4.608471587218209709e-01
-4.082525244356458027e-01
-8.035980867291468988e-01
-3.682801444910417388e-01
-5.619672260197956515e-01
1.000000000000000000e+00
-1.000000000000000000e+00
