0.000000000000000000e+00
6.400000000000000133e-01
0.000000000000000000e+00
0.000000000000000000e+00
0.000000000000000000e+00
1.040000000000000036e+00
6.400000000000000133e-01
0.000000000000000000e+00
0.000000000000000000e+00
0.000000000000000000e+00
1.479999999999999982e+00
4.799999999999999822e-01
1.719999999999999973e+00
8.000000000000000167e-02
3.600000000000000089e+00
4.000000000000000222e-01
4.400000000000000022e-01
8.000000000000000444e-01
8.000000000000000444e-01
0.000000000000000000e+00
0.000000000000000000e+00
