GEN Mean fit Std Best Ave life
0 2.341035 14.041631 56.773463 0.0
1 10.291777 19.524881 87.011736 0.64
2 13.548512 16.367516 56.773463 0.0
3 17.449882 17.495434 65.77941 0.0
4 24.005279 14.486278 65.76363 0.0
5 23.002457 18.255615 87.038793 1.04
6 26.998475 18.869312 87.038793 0.64
7 27.721777 17.439026 65.773463 0.0
8 35.731294 19.195564 74.775442 0.0
9 38.084769 18.673066 83.742332 0.0
10 47.398808 19.446132 87.011736 1.48
11 50.491771 14.49675 86.459829 0.48
12 52.373382 15.211111 87.666602 1.72
13 57.884496 10.42215 84.266602 0.08
14 59.86695 14.313728 87.967552 3.6
15 56.650031 9.322954 85.79141 0.4
16 60.064151 7.517974 85.253671 0.44
17 59.028728 9.304591 87.011736 0.8
18 57.75517 7.965017 86.99141 0.8
19 58.037474 5.087867 74.864435 0.0
20 57.69964 6.749019 74.773463 0.0
