1.404163102958190912e+01
1.952488069461781350e+01
1.636751596128372555e+01
1.749543405355476722e+01
1.448627833930436815e+01
1.825561471618186715e+01
1.886931211711287659e+01
1.743902619244539665e+01
1.919556437115457470e+01
1.867306588765281461e+01
1.944613203256150413e+01
1.449675042779968948e+01
1.521111139899778308e+01
1.042214955050469172e+01
1.431372848096676087e+01
9.322953585065279825e+00
7.517974149703575470e+00
9.304590771084241041e+00
7.965017336764931954e+00
5.087867180969244174e+00
6.749019372196101152e+00
