7.579721080068565486e-01
-3.258375891171469974e-01
3.784290174095316095e-01
5.067632085186718482e-01
-6.030447083960025489e-01
9.528137407917466328e-01
-6.008251731266847084e-01
2.996480019245965076e-01
2.061043618087837759e-01
2.570918400525949998e-01
3.694744917770897974e-02
3.776915777133942331e-01
4.470433711195130888e-01
6.780338775405052587e-01
-1.000000000000000000e+00
3.864087960421799806e-01
1.753781345037134787e-01
2.800381188387142117e-01
4.569477691668201169e-01
-5.047136238623570748e-01
1.571864440469308566e-01
8.980503384525021504e-01
-1.996985932067653069e-01
-7.463239477956793433e-01
-5.571078887683935665e-01
-9.370550021236445648e-01
-8.066329057640824196e-01
-6.291103145174130606e-01
-6.579911458876361863e-01
-1.550065192459423868e-02
5.741440138977607077e-01
3.938287073716653652e-01
-7.929332922030101205e-01
-1.435011999482277423e-01
6.220787103024294495e-01
3.864356539343148933e-01
-4.792078173563289467e-01
-6.460914065310274790e-01
-2.226566708865364008e-01
-8.736484794468885040e-01
6.426251810057135305e-01
-5.458908591349326267e-01
-1.000000000000000000e+00
-3.165392787416640985e-01
8.773892891138066474e-01
4.708929712694410741e-01
-9.265166101043951219e-01
-6.207209626923413381e-01
9.697301494145039724e-01
4.717745067953171834e-01
-2.497351890797466778e-02
6.208586628983205902e-01
-2.626280201875592080e-01
-4.887122410620932667e-01
-7.023384201187757858e-01
-1.230396191306773468e-02
1.000000000000000000e+00
-7.800919570411857240e-01
3.432564483771976538e-01
1.000000000000000000e+00
1.281175483669338144e-01
-9.277496247331671331e-01
-4.465572280407106298e-01
-7.248650469894257764e-03
9.439411560765289533e-01
6.343178709613628286e-01
-6.315074595235019572e-01
9.480221777968774743e-01
4.448505034841802042e-01
3.224042260776181779e-02
7.071588939244393135e-01
6.009521341131380812e-01
-6.844444754205702974e-01
-1.121170726254599841e-02
1.497086719824349266e-01
7.661398053598683644e-01
8.035168077671857034e-01
-8.416091947926329642e-02
8.913467939103953963e-01
-5.317771625507925481e-01
-5.902743537051757805e-01
-3.101946110561332182e-02
-5.659847856884320239e-02
8.790634919148514470e-01
-1.000000000000000000e+00
2.803666611488015437e-01
2.174700780454376092e-01
-4.181153531606814910e-01
-1.075905310420541272e-01
-1.473889160811231169e-01
-8.635655261463727195e-01
2.302459844766768793e-01
6.938167118489212415e-01
7.335942538521867951e-01
9.198033502029865360e-01
-2.553436799657774481e-01
-8.107410260601970453e-01
-1.189167218238081913e-01
5.497221204518750737e-01
-6.275788084413813639e-02
7.538229382538920165e-01
-7.889884067608253782e-01
5.566354966617648170e-01
7.731408219280051508e-01
7.651321457067044030e-01
9.888149709717255487e-01
7.699072826321567975e-01
-9.251374991605498810e-02
5.687803797195302158e-01
9.214924504892900714e-01
-3.105763589014989834e-01
-3.479871551442479949e-01
5.131777134479096336e-01
7.390096174354285341e-02
-6.371847005269988262e-01
-2.462507638637486118e-01
1.101257083269315540e-01
-8.854044114462840120e-01
-6.738647407374744880e-01
-7.907394305354449315e-01
-4.510507966525307832e-01
7.891543198323974773e-01
5.102525375702200439e-01
1.049843013277372283e-01
5.913042098883689590e-01
-9.457579814706514043e-02
5.984913025308448431e-02
1.000000000000000000e+00
2.857753140900168853e-01
5.633401505687810618e-01
-2.410075834209766676e-01
6.880313432869067380e-01
-1.000000000000000000e+00
6.889639890962095947e-01
-7.231815002639561119e-01
-2.277696006697689513e-02
5.136114030977739775e-01
-1.159964693127247815e-01
7.387584238577682427e-01
-7.687568957500241495e-01
2.577836001925222220e-01
5.334541516969096842e-01
-1.591471240159181288e-01
-4.796355757411037146e-01
3.791093631577381884e-01
1.000000000000000000e+00
-6.245378004675455896e-01
6.015133797957676887e-01
8.436992616560540226e-01
7.089836084405944927e-01
-4.699074650981000661e-02
-6.889324004645719368e-01
2.870053572805101871e-01
8.597823428155642045e-01
-5.530304290110028553e-01
6.040671615457411381e-01
-1.000000000000000000e+00
-1.067432745772597252e-01
-9.149041395008561395e-01
8.310722516506691138e-01
3.125407653925854623e-01
-2.906712013243504256e-01
9.991859826437421432e-01
1.486835568806133545e-01
-8.684531074317791699e-01
2.271082982543768877e-02
3.036997816882582302e-01
-1.000000000000000000e+00
-8.637610567000307826e-01
-1.645850802582719541e-01
-1.000000000000000000e+00
6.554012055371723211e-02
4.340401184924307931e-01
6.843203824058699536e-02
8.299358443320423717e-01
-5.964603684631089031e-01
-6.382967833236785626e-01
-4.007644268547676941e-02
-8.757579020688484039e-01
-3.193331227883743351e-01
4.645291408165619362e-01
-6.266015658815053957e-01
1.000000000000000000e+00
1.811352141689164252e-01
-5.066698542156333751e-02
1.000000000000000000e+00
-1.357480974392867856e-01
-2.686159920186103056e-01
-8.757173505127164859e-01
-8.888676343142414282e-01
4.452871120269309424e-01
-5.051981113692992631e-01
-6.544161007502464766e-01
1.564533870020448636e-01
2.475382633439731084e-01
-1.785776478584079896e-01
-8.512443401225332495e-01
-1.185438545245343089e-01
-4.966331622011780911e-01
8.178549064210777209e-01
-1.000000000000000000e+00
-3.514084967770437773e-01
7.729363483386247902e-01
-1.188812267342891360e-01
-2.638872469518199204e-01
-5.537239255313626263e-01
-6.404172837222296133e-01
4.677877437712966158e-01
7.048918463492818143e-01
-6.323706341029518008e-01
-9.063757500224625674e-02
1.000000000000000000e+00
-1.255183647952286818e-01
4.756661028709215921e-01
-4.755022488768522182e-01
-9.159149728480757702e-01
9.990178179578741435e-01
-3.868463458605760907e-01
7.504572768139812222e-01
-1.000000000000000000e+00
1.000000000000000000e+00
-3.079089682247770909e-01
1.865561410374817208e-01
7.442398629316417935e-01
9.871261712766223745e-03
-3.433151164595354965e-01
-1.000000000000000000e+00
-8.568323421217323155e-01
2.022149122204009442e-01
-1.000000000000000000e+00
-4.747820159103280924e-01
-5.191053282187987339e-01
5.524143193319951406e-01
-1.510555754787231697e-01
7.813074277954854541e-01
-8.651545823381239231e-01
7.464968120436532573e-01
-7.907060190509473951e-01
5.413041742592773486e-01
-2.005499977564791092e-01
8.853769554669211894e-01
-9.327522828377969866e-01
-1.000000000000000000e+00
1.706299806543547792e-01
6.597651768234593650e-01
8.082213189047794399e-01
-4.046643445865828470e-01
4.454421425823633374e-02
6.024939370577874209e-01
-7.668800294552357011e-01
-5.836212245382428332e-01
7.460937293405938142e-01
4.173794504998510346e-01
-7.531038093431996483e-01
8.965003276663773280e-01
-2.944675916718317854e-01
1.000000000000000000e+00
5.003623343023841930e-01
-7.043643070604066470e-01
-5.870182888798778365e-01
5.516094829633961805e-01
-9.390134650790193938e-01
-5.838054360315589886e-01
-4.693753595537980550e-02
-8.651793532588422098e-01
