8.855067797274596142e-01
-1.754467945097524018e+00
4.006419317525832247e-01
2.820513376978769568e-02
8.367853287939714946e+00
1.866968533850881240e-01
-3.097476818032606771e-01
-2.511046180296005570e+00
-1.031007783450592408e+00
9.099082934915400100e-01
-6.513099854263613153e-01
-1.542953593075909513e+00
2.134314115775324261e+00
-1.146226276202453737e-01
5.253504887361081233e-01
7.878613595877355102e+00
1.406410170055971687e-01
-1.000857906885458948e-01
7.360468142611889530e-02
6.769054724514509402e-01
-1.631037574169502014e+00
1.759233869021196828e+00
-3.755175040299057798e+00
-1.073519169155471853e-01
2.429745010537756045e+00
-8.701933788999441921e-01
-9.089242572598207337e-01
1.943009581062014046e-01
-2.214430360201807613e+00
-5.695327178125336731e-01
-1.531910089687510690e-01
1.326950803655006506e-01
1.163336644300799971e+00
6.075367017329344477e-02
-1.134045696144738047e+00
1.212729523474211257e+00
-1.056202356914515417e-01
5.807510429236981686e-01
-1.639555175518897789e-01
1.546950023384908446e-01
6.938824247289003821e-01
8.882284807260257820e-01
1.609158711788039930e+00
6.481528480234337586e-01
4.687634154804849462e-01
-3.227451897030666927e+00
-3.703597422822217378e-01
3.362929348631980564e-01
-1.071848241057875295e-01
-1.505583793013696714e-01
-8.842793635303518585e+00
-1.262403813434677391e-01
-1.182107642414127469e+00
-4.492277994709623634e-01
-1.329720025276568129e-01
1.044368132537014215e+00
-6.316162503635117886e+00
3.418444807517946327e-01
-2.121642590713107346e+00
1.426810631948983721e+00
-1.504629261009010843e+00
-6.431228535177673233e-01
2.729575519585619503e+00
-5.694751689663336558e-01
-1.792875589206864850e+00
-1.386307830316430234e+00
3.520142054538437204e+00
2.249209198389896525e-01
2.239558652730810007e+00
-3.057539350913442533e+00
1.151649397017063814e+00
-7.215795627718805116e-01
6.749435902684619570e-01
-5.239888272849256845e-01
7.588304965587232331e+00
1.331243460959177227e-01
3.383929192573816858e-01
8.696210546140666076e-02
-1.436361781302095686e-01
2.394947558114471353e-01
2.985708229353617460e-01
3.082361858932540777e+00
-5.576073667826164648e-01
-1.323074675397079236e+00
4.620159897982087926e+00
1.220344867720309506e-01
3.649943145476735040e-01
-1.057364308242792150e+00
-8.078560024380669446e+00
-5.985589642006248212e-01
-1.115757981029475765e+00
1.217065751769899284e+00
1.456610769999234556e+00
-2.820755465760491987e+01
-6.895007027479940653e+00
2.228515619196297093e-01
6.608527489792263010e-01
-3.536729888454349657e-01
-2.429955651813290540e+00
1.414263633796287278e+00
-1.281815872135311229e+00
-1.166486476894133539e-01
6.387914767660919368e-01
-2.832157234386208922e-01
1.289031920779885598e-01
4.773444390136860060e-01
1.972826430473927362e-01
3.771497678991352909e-01
-1.995243973485959277e+00
2.149599869478239778e-01
-6.219402471244337427e-01
-1.996912178942196192e+01
-7.740390685273872418e-01
2.426890909388496886e-01
-1.116194830020899698e+00
1.013532418935456203e+00
-3.092214616383396342e-01
9.546646206821248759e-01
7.811128959402230398e-02
1.791566760804137681e+00
-1.148700510007252040e+00
-6.672209697221452573e-02
-2.624293898478688436e-01
1.237955144930150242e+00
-4.847352103030801995e-01
3.007851479503354519e-01
-3.760099860020889029e-01
1.671894138994989287e+00
-2.853117322893090169e+00
-1.034735125789571775e-01
-1.638160603674942706e-01
1.679223011869479310e+00
-9.110300328968784500e-01
3.641886691423915634e-01
2.541140935101962928e+00
1.248666793734073188e+00
7.468448993958123339e+00
-1.351976003416806293e-01
-1.824775706764204752e+00
1.411205181955196564e-01
2.857275118187759588e+00
2.255802872281789551e+00
6.616091745231794663e-01
-1.428979611906566749e-02
1.642830630334477515e+00
-6.076878635134588258e-01
-7.667384944714883410e-01
6.104734015076750397e-01
-1.177222817640367847e+00
-3.091796652717215821e+00
2.464660217205482118e-01
2.187504735052125948e-02
3.301720603321330216e+00
7.439381298595215686e-02
2.626273659672391791e-01
1.113221110192879726e+00
1.356666444831595042e+00
-1.455684182147306827e-01
7.668523165681242482e-01
3.554297705786153561e-01
-6.948888601962789346e-01
1.609170903939927399e-01
2.441949640205421268e+00
2.822848925986226387e+00
-2.062241326572294753e+00
4.295620063680453682e-01
1.301778880856502507e+00
2.534237616640626634e+00
-3.870508556183660964e+00
-4.245902588374342312e-01
-3.772441348018319429e-01
-3.325240128204722811e+00
2.267469390256782180e-01
-6.988250368430344750e+00
5.831461836683623501e-01
-2.579079589073145051e+00
-4.081993847865051372e-01
3.916029562176727152e-01
4.319405250289272580e+00
-1.009127744906249458e+00
7.682600618205671639e-01
4.448542503254742098e-01
7.334466560090427967e-01
-1.950573224915622683e+00
-7.013286143469270317e-02
1.063302872882011973e+00
4.643299348714003960e-01
4.733772727057471208e+00
-6.034928574185481898e-01
5.943387879581227828e-01
-1.334698620914662071e+00
-3.570290005839772407e-01
2.978945876983860597e-01
-3.132482350318988917e+00
-9.529688825492719229e-01
-2.240782450424380901e-01
-1.216936653131567292e-02
-2.641298251123114227e+00
-1.410693751586038491e-01
-1.085622200771002355e+01
6.063063845148389808e-01
6.555678252893648583e-01
1.086652726041843486e+00
2.713669590429744982e+00
-1.615126137789889890e-03
5.787124190687404912e-01
1.710284133449924138e-01
-6.982760378634657317e-02
5.959834348258830072e-02
9.175953945634349296e+00
-2.328621983528072370e+00
-4.553697249702676197e-02
-3.098749428015146634e+00
7.523067430490375518e-01
-7.051990673928718145e+00
1.498786463479854891e+00
3.529949958769718066e-01
4.709555794343141533e-01
8.598410455380680162e+00
-2.484649451675678133e-01
-6.595758423124954417e-01
-3.321032366625652488e-01
-2.234230278035102213e+00
1.518998239270240358e+00
-1.034684847084113235e+00
-2.271938427362833579e+00
9.163907917402165371e-01
3.312050935061678913e-01
1.111711014069866943e+00
-1.521946231692008267e+00
-1.239724644025266276e+00
-2.129064503972514899e+00
9.914909093663661910e-01
9.892532220169607537e-01
-2.625835751809147744e+00
-1.901689357956449999e+00
2.751168116960927001e-01
-6.584630696333314548e-01
4.130702530424968266e+00
1.822417651934923888e-02
-5.557715243887301204e-01
-7.841278123613120155e-01
-3.105949308028180256e-01
3.015475869576277335e-01
-1.949627448948003661e-01
-1.307799692114328671e+00
5.779214531276156697e-01
-3.846233071553353255e-01
7.987521846819095606e-01
-5.514044937627011755e-01
-4.517557691246671947e-01
1.134307576203782864e+00
-7.447843453994399399e-01
3.326244812917433791e-01
-5.199058800161777683e-01
-1.469347479585827232e+00
-7.106482238753045744e-01
5.826149195727731156e-01
4.850063612103502897e-01
-2.117971357813598632e-01
-1.989813580292198569e+00
-2.930984213568074814e+00
-6.047057407368779280e+00
1.387423873759972892e+00
5.748914193027894193e+00
