2.142784596782223616e+01
1.300956741322126398e+01
4.828626719449063387e+01
3.074250462797221317e+01
4.835102576183879819e+01
4.839052820481503403e+01
3.062936197187234200e+01
3.970669517527549885e+01
3.970669517527549885e+01
4.823480889721514586e+01
6.614492807779757300e+01
6.614492807779757300e+01
4.836164533066624927e+01
5.741275134159975835e+01
4.843931836898446619e+01
4.843931836898446619e+01
4.843931836898446619e+01
4.843931836898446619e+01
6.613636882440189879e+01
6.613636882440189879e+01
6.613636882440189879e+01
6.613636882440189879e+01
6.613636882440189879e+01
5.726665872310226035e+01
5.719185751001955964e+01
5.719185751001955964e+01
5.722544845445558792e+01
4.841650369121829556e+01
4.841650369121829556e+01
6.679599331292320130e+01
5.745092391510478791e+01
5.721310261863328606e+01
5.725379680945985683e+01
5.731642023266131503e+01
5.739052820481503403e+01
4.875825298494035565e+01
4.875825298494035565e+01
5.742784596782223616e+01
5.745092391510478080e+01
5.745092391510478080e+01
5.745092391510478080e+01
4.857946500072770846e+01
5.724109822612271614e+01
4.847454706086821830e+01
5.730626786119729843e+01
5.722544845445559503e+01
4.847853908213776464e+01
5.739419793370400669e+01
5.739419793370400669e+01
5.725060701409175579e+01
5.741275134159975835e+01
