-3.856700801467251249e+00
-3.856700801467251249e+00
-3.856700801467251249e+00
-3.856700801467251249e+00
-3.856700801467251249e+00
-3.856700801467251249e+00
-3.856700801467251249e+00
-3.856700801467251249e+00
-3.856700801467251249e+00
-3.856700801467251249e+00
-3.856700801467251249e+00
-3.856700801467251249e+00
-3.856700801467251249e+00
-3.856700801467251249e+00
-3.856700801467251249e+00
-3.856700801467251249e+00
-3.856700801467251249e+00
-3.856700801467251249e+00
-3.856700801467251249e+00
-3.856700801467251249e+00
-3.856700801467251249e+00
-3.856700801467251249e+00
-3.856700801467251249e+00
-3.856700801467251249e+00
-3.856700801467251249e+00
-3.856700801467251249e+00
-3.856700801467251249e+00
-3.856700801467251249e+00
-3.856700801467251249e+00
-3.856700801467251249e+00
-3.856700801467251249e+00
-3.856700801467251249e+00
-3.856700801467251249e+00
-3.856700801467251249e+00
-3.856700801467251249e+00
-3.856700801467251249e+00
-3.856700801467251249e+00
-3.856700801467251249e+00
-3.856700801467251249e+00
-3.856700801467251249e+00
-3.856700801467251249e+00
-3.856700801467251249e+00
-3.856700801467251249e+00
-3.856700801467251249e+00
-3.856700801467251249e+00
-3.856700801467251249e+00
-3.856700801467251249e+00
-3.856700801467251249e+00
-3.856700801467251249e+00
-3.856700801467251249e+00
-3.856700801467251249e+00
