
GEN Mean fit Std Best Ave life
0 -3.856701 5.886177 21.427846
1 -1.364805 7.342409 13.009567
2 3.57079 11.032665 48.286267
3 9.356613 9.648333 30.742505
4 10.479594 10.588307 48.351026
5 13.723016 8.197635 48.390528
6 14.743289 6.595888 30.629362
7 16.728768 8.099147 39.706695
8 18.732375 8.266616 39.706695
9 17.668582 8.208409 48.234809
10 19.439523 10.986629 66.144928
11 19.870981 10.979637 66.144928
12 17.256274 10.403977 48.361645
13 22.324456 12.202108 57.412751
14 19.682132 10.840325 48.439318
15 20.567316 11.690209 48.439318
16 19.037862 9.174794 48.439318
17 20.694004 10.022454 48.439318
18 19.019552 12.0785 66.136369
19 20.627643 13.730796 66.136369
20 17.400692 9.79338 66.136369
21 19.874055 12.363474 66.136369
22 19.584049 10.307276 66.136369
23 21.777787 12.39198 57.266659
24 22.29319 11.877446 57.191858
25 24.612507 12.565691 57.191858
26 23.951642 12.926457 57.225448
27 23.730963 11.341162 48.416504
28 23.79798 11.015049 48.416504
29 24.181637 13.021567 66.795993
30 24.630622 13.526055 57.450924
31 22.589581 12.172022 57.213103
32 26.724496 12.951342 57.253797
33 27.040259 14.180276 57.31642
34 26.594909 14.276603 57.390528
35 28.285067 12.646127 48.758253
36 25.269269 13.034956 48.758253
37 26.034471 12.669657 57.427846
38 26.375413 13.03152 57.450924
39 27.349315 12.810039 57.450924
40 27.874191 12.55689 57.450924
41 27.597121 13.23502 48.579465
42 30.53957 12.279685 57.241098
43 29.361504 12.049247 48.474547
44 30.157417 11.606554 57.306268
45 33.269605 11.475139 57.225448
46 36.730572 10.820747 48.478539
47 35.223784 11.87224 57.394198
48 33.092876 12.9824 57.394198
49 36.448081 10.904078 57.250607
50 37.603724 11.008451 57.412751