5.886177453309198171e+00
7.342409351994179545e+00
1.103266508068766072e+01
9.648333241281312311e+00
1.058830725829810682e+01
8.197634797352179703e+00
6.595888096713593107e+00
8.099147290995638571e+00
8.266616110442161158e+00
8.208409130051819602e+00
1.098662854384476084e+01
1.097963700409092702e+01
1.040397665423074081e+01
1.220210763852883495e+01
1.084032454536694345e+01
1.169020894526983234e+01
9.174794465191437709e+00
1.002245428183745268e+01
1.207850029440350070e+01
1.373079636785900171e+01
9.793380472349900501e+00
1.236347387285201727e+01
1.030727565850999206e+01
1.239198045457444941e+01
1.187744584069582565e+01
1.256569075903657051e+01
1.292645721718910856e+01
1.134116151406547246e+01
1.101504929498652885e+01
1.302156662474135196e+01
1.352605526498673960e+01
1.217202167087475750e+01
1.295134187005602477e+01
1.418027561121565405e+01
1.427660279468396709e+01
1.264612728127714547e+01
1.303495602020084476e+01
1.266965705600403247e+01
1.303151958959906764e+01
1.281003924499133007e+01
1.255689006391052409e+01
1.323502032942141149e+01
1.227968532966233361e+01
1.204924735947041903e+01
1.160655367295478158e+01
1.147513858520839491e+01
1.082074720510317256e+01
1.187224020784171152e+01
1.298239997539468327e+01
1.090407826520426227e+01
1.100845069655815323e+01
