1.306552606686931028e+01
3.936164533066626348e+01
3.936164533066626348e+01
3.976355803717004278e+01
4.832667673282851695e+01
4.842027017401377265e+01
2.197611947915372355e+01
3.020394224923462900e+01
6.534972095141256432e+01
6.534972095141256432e+01
3.938687189361193930e+01
3.069173230259879404e+01
2.187010128507692741e+01
1.305835757739069614e+01
1.305835757739069614e+01
1.305835757739069614e+01
1.305835757739069614e+01
1.302326625757942402e+01
1.305835757739069614e+01
1.305124010962183156e+01
2.187603602059674301e+01
