8.493095052853694149e-02
-4.855729353417804206e-01
1.000000000000000000e+00
1.000000000000000000e+00
3.408806858388407912e-02
-2.258474257914945826e-01
1.463890661797626058e-01
2.221489177757685063e-01
7.089991684756383195e-02
1.145326948883512164e-01
-6.533571032143531410e-01
-1.000000000000000000e+00
-7.651646110701804115e-02
-5.423340019612383767e-01
-3.327609126407757301e-01
5.477445417545625528e-01
5.387805930232032470e-01
-1.477349183164127777e-01
1.881211124788489120e-01
-1.000000000000000000e+00
-1.490698322681713317e-01
2.784363990746503426e-01
3.789225494505171765e-01
-4.450534903716474311e-01
2.022724436603742793e-01
-6.310820941288647346e-01
-2.353438400296870014e-01
-6.077071720056413662e-02
-9.725693034456204256e-01
-4.018818494139465847e-03
-3.428766064876303393e-02
6.285387040244968526e-01
-5.431079416924030623e-01
-9.825056387368343858e-01
8.768294496344061217e-01
-6.733340608922844250e-01
8.631896991676655251e-01
-2.611674279175910107e-02
-1.518953483216929634e-01
1.134309696097931808e-01
2.383391943502594090e-01
-2.787609671826301039e-01
1.240596214620314081e-01
-1.000000000000000000e+00
1.940332340225523478e-01
3.974017531305683582e-01
2.842565025355728858e-01
5.899556477769030138e-01
3.341409722150025519e-01
-2.282609175576613691e-01
-5.511605836758858290e-01
1.577639053638364985e-01
-7.643598670204557743e-01
5.064007776349597201e-01
-5.899155521467869256e-01
3.242722105754349271e-01
-1.000000000000000000e+00
6.019710096884320905e-01
-1.155030589334510027e-01
-1.000000000000000000e+00
-8.135968781599798305e-01
-1.050299826705483885e-01
-9.894728302878972315e-01
7.390134738892017996e-01
7.912478860409094539e-01
1.377204928164048603e-01
9.832839036758755924e-01
1.750656549254636651e-01
-7.191736142574689516e-01
5.444668572704605136e-01
8.665440657154221960e-01
5.721496067127102014e-02
4.734903433281247298e-01
2.963912014847385756e-01
8.780926798990796867e-01
-1.000000000000000000e+00
5.095540053122551427e-01
5.450242827430025194e-01
7.683974006824865199e-01
-3.913580291024562063e-01
5.269540476956342534e-01
7.972568510234608885e-01
1.000000000000000000e+00
2.156487107968581840e-01
-5.067956210610938816e-01
2.555044102094778391e-01
1.994268383552867674e-02
-7.324881353587533450e-01
1.828333064389265905e-01
8.757124072392146186e-01
-2.502623642522867620e-01
-4.581335780241754252e-01
-2.361163416149320016e-02
-4.125890104848138340e-01
-3.567253089011067635e-01
-1.000000000000000000e+00
-7.406548723804154966e-01
-5.676514025493395454e-01
1.000000000000000000e+00
-1.000000000000000000e+00
-1.000000000000000000e+00
7.973954833763130523e-01
-2.447880069603524666e-01
8.846427741382977272e-01
-2.044929121242051728e-01
-8.529602385958710842e-02
-3.985040078862626123e-01
-1.023530840891184734e-03
7.653705593376127769e-01
3.152397808945173185e-01
-2.251414491845481203e-01
8.522427347125354213e-01
-2.005199546133118182e-01
1.000000000000000000e+00
5.304065770049684048e-01
-4.690730551590739372e-01
6.037091260593419051e-01
-5.382221853001984968e-01
2.813131826787523826e-04
-1.735238114610476168e-01
5.630425376546810412e-02
1.563634039479627758e-02
-1.000000000000000000e+00
2.892970404155585928e-01
-2.771528887097460814e-01
2.900530655320499029e-01
-2.148433835029353867e-01
9.162976851369292186e-01
-4.383948399407295859e-01
-6.462997438426174024e-02
-5.884935682924849476e-02
1.979089676204252302e-01
-8.023687062302140571e-01
-3.035178003093469412e-02
5.606436978795172887e-01
1.290476567767112615e-01
6.720532922741710991e-01
-7.561978860107584355e-01
3.888303846990331936e-01
3.519764713799624634e-01
-6.658260268760282097e-01
-3.495067485231215798e-01
2.245779174556155611e-01
-1.000000000000000000e+00
2.157191461060888049e-01
2.889066735726085744e-01
-5.728836148523468452e-01
2.266275959180661520e-02
1.000000000000000000e+00
-4.277188334330829234e-01
1.618849776107760263e-01
1.808221896178785482e-01
-8.145947852301790304e-01
-1.000000000000000000e+00
-5.891760853648867480e-01
6.399113573522730025e-01
-3.769856095270851526e-01
5.066344680539560663e-01
-2.658666689197004551e-01
1.000000000000000000e+00
3.743844448374714085e-01
1.615674363033622885e-01
-4.878438669544449269e-01
3.396089145217996708e-02
3.794672674405520363e-01
5.903589899976829924e-01
1.000000000000000000e+00
-3.515521462886785353e-01
-1.000000000000000000e+00
-2.411720117597242197e-01
-3.884791204975566181e-01
8.838609475407939176e-01
2.259125942556241273e-01
-1.000000000000000000e+00
5.550951382290963965e-01
1.214860470537422188e-01
-3.454301411398671418e-01
9.487207263300260207e-01
-4.625313214829653852e-01
1.860459533247037500e-01
-1.586027104329280624e-01
-1.051476544696775539e-01
6.858206272558120542e-02
3.907920898707455959e-01
-1.300769199906953444e-01
-4.299986310913923582e-01
-2.803138380452711159e-03
-1.000000000000000000e+00
6.373577471378610859e-01
7.830815777667742283e-01
-1.000000000000000000e+00
1.800127142205565356e-02
-2.208727811605392666e-01
3.331590582019163249e-01
-9.534710654832304622e-01
8.474073778096806731e-01
-1.057580647298073107e-01
-2.581176916424235412e-01
8.692723188851181337e-01
-5.032470732596475704e-01
-6.874485470646340968e-03
-7.648057931167300261e-01
-2.026504326124827504e-01
1.583911608302637497e-01
-2.594120134337195016e-01
6.910650479485338504e-01
-2.665030923380354300e-01
6.845577012391028671e-01
-3.042369395109923436e-01
-9.122306559196552422e-01
-9.037000277218583122e-01
-1.637859731814720887e-01
1.677447200293918361e-01
2.312825321198785089e-01
1.000000000000000000e+00
5.479691016093000133e-01
9.358529182765712440e-01
1.230838929433888396e-01
7.139699745969482203e-01
-4.222449853537540432e-01
1.000000000000000000e+00
1.000000000000000000e+00
-7.629068688181204205e-01
7.314060636260216741e-01
-6.625256766692737553e-01
-1.188817141072185946e-01
-1.000000000000000000e+00
3.694017880394702136e-01
1.423519458823739869e-01
6.359349995651231158e-02
4.598757499141821192e-01
-1.000000000000000000e+00
-3.298366149117012425e-01
5.542964372506764548e-01
9.465428620237434365e-02
-8.015368443850050539e-01
-4.713820031501039787e-01
-2.168271648140047969e-01
-1.792231078114385756e-01
1.632884000908250699e-01
8.607335341082099356e-02
4.984701330243005990e-01
-6.026890428466428196e-01
-7.233598410278367918e-01
-1.866428324157727303e-01
1.246320909437120539e-01
-1.402416799214553922e-01
-7.046697845860380172e-01
-1.000000000000000000e+00
8.818728267347966665e-02
-5.591412061909160069e-01
-4.770966985611119204e-01
3.537765854084997663e-01
4.633120863150521074e-01
-2.219591855451850393e-01
-7.739429514158034928e-01
2.183977909972976139e-01
-7.423199532982551752e-01
-1.511632556558705209e-01
-1.000000000000000000e+00
-8.864786357649701021e-01
1.000000000000000000e+00
5.713209443191584747e-01
-4.869525702872198880e-01
2.815797974664938086e-01
