GEN Mean fit Std Best Ave life
0 -2.933261 5.962134 13.065526 0.0
1 0.321251 9.199368 39.361645 0.0
2 4.663849 10.319292 39.361645 0.0
3 8.406672 9.046734 39.763558 0.0
4 11.690369 10.504038 48.326677 0.0
5 12.108832 9.836597 48.42027 0.0
6 13.124895 3.39043 21.976119 0.0
7 14.026576 4.531863 30.203942 0.0
8 15.27625 8.522931 65.349721 0.0
9 14.577463 7.733197 65.349721 0.0
10 14.945957 5.360276 39.386872 0.0
11 14.20878 4.296622 30.691732 0.0
12 13.187897 1.24034 21.870101 0.0
13 13.010817 0.007057 13.058358 0.0
14 13.010543 0.006831 13.058358 0.0
15 13.01165 0.008937 13.058358 0.0
16 13.010543 0.006831 13.058358 0.0
17 13.010115 0.002684 13.023266 0.0
18 13.011372 0.008321 13.058358 0.0
19 13.010537 0.005893 13.05124 0.0
20 13.008434 1.780344 21.876036 0.0
