5.962134342701694401e+00
9.199368191625570290e+00
1.031929179526862050e+01
9.046734230649187580e+00
1.050403788113822046e+01
9.836597165351475880e+00
3.390430485510050218e+00
4.531863403355321118e+00
8.522931478937408656e+00
7.733196754042459098e+00
5.360276492453104780e+00
4.296622255020249526e+00
1.240339591290001042e+00
7.056969509207199585e-03
6.830622983720504096e-03
8.936983328129931986e-03
6.830622983720504096e-03
2.684414299463698615e-03
8.320838437950971167e-03
5.892647997541863338e-03
1.780343564459515138e+00
