-2.611477348703071244e-01
7.194138504030884729e-01
-2.029490294940328177e+00
-1.000020686789191982e-01
-6.365578659637280978e-01
4.722661867005497616e-01
-8.199852011321721035e-01
2.848102898436667418e-01
-2.486036537295047699e-01
-1.093120635349118075e+00
-6.630411745451055827e-01
-3.352532389416946756e-01
3.163382357666238986e-01
-2.507714326325248266e-01
-7.371185043767338740e-01
2.802063233455893698e-01
-4.984204370568191322e+00
-7.441909652004867759e-01
1.098959277437887572e+00
1.066857099464269161e-02
2.556842119560675530e-01
-1.954389567151363916e-01
-6.568656591327465266e-01
-6.786807005153702721e-02
3.017485586663380959e-01
-1.096549425395282551e+00
-6.926736897976210061e-01
-2.131013059842724877e-01
-2.760735044081434886e-01
-1.159223130471210172e+00
1.112504016261775863e+00
-3.196078952275270835e-01
-1.260066981184507107e+00
1.264697691099360810e+00
-7.941771394856630972e-02
-1.270865326992784539e+00
-2.249684702770018419e-01
5.729986425268571715e-01
2.264510474153416109e-01
1.304432785764801705e+00
1.302393859660232245e+00
1.338467068479948785e-01
-1.783156502351413319e+00
-9.396179052869149118e-01
-3.696118848534966639e-01
6.473271617466320738e-01
-7.232306838349059630e-01
4.925227705998249661e-01
-4.380532747200160948e-01
-1.129474689504792684e+00
-1.917550537099368679e-01
-9.962476489389706646e-01
-6.311775982012458597e-01
-6.971193085644116216e-01
-1.105253686149345466e-01
-5.823600029419892188e+00
-4.196143384003565568e-01
9.408875612792555465e-02
1.279635151724529241e+00
2.690786650405318711e-02
6.561874257449614722e-01
1.167055951435004735e+00
5.790857493449570459e-01
-4.875133349397651195e-01
6.259287533712321050e-02
-4.165902033091930523e-01
-1.131647753945940194e-01
-1.748442202699829195e-01
-1.361542914579958186e-01
1.145077960735305211e+00
-6.631635173214420753e-01
-1.536893829470941109e-01
2.777127665306342585e-01
-4.901649781099819414e-01
5.350364807943566170e-01
-8.141507069137943198e-01
-3.497372366598886506e-01
-7.901580757558435142e-01
-8.269964357357094675e-01
-4.730118570221501506e-01
3.321937873538120534e-01
3.067858382917053595e-01
-1.517434212754129153e+00
-4.980260529250680190e-01
4.494462056420052143e-01
-5.021947288150692135e-01
6.867354310819917540e-01
8.264969936769381853e-01
8.823417892813550933e-01
5.080340760192760818e-01
-1.301692075165774842e-01
-1.123066255249718592e+00
-6.488575514379795184e-01
6.842725664091275917e-01
8.625988986059254793e-02
-6.496596740071476361e-01
2.164853598427559089e-01
6.843574056452408350e-01
1.999931498191711843e-01
6.114278546533309378e-01
-3.094985561517982209e-01
1.990151032083214533e+00
-2.413551005190747722e-02
3.895629894244956315e-01
9.345713760154041871e-01
-7.036490793787257836e-01
6.708991256039897877e-01
-5.199212032781923565e-01
-3.815655304342004395e-01
8.672434155511431486e-01
-9.847713293443685068e-01
-4.367181054958845232e-01
-2.902959051517773892e-01
1.121982549651687755e+00
-8.884998882555317223e-01
-1.768637248745444701e+00
-3.755335981857583216e-01
2.381028357485504010e+00
2.809743458398290539e-01
-2.188494452157273562e-01
2.305051186358963444e-01
7.872221815633654307e-01
6.050409484233054691e-01
6.793372512761493009e-01
-2.073663176324929136e-01
-4.491273205555297299e-01
5.526792391234213175e-01
-4.482152882509424785e-01
-1.786503733644015934e-01
-1.659572881164013691e-01
6.680371814933436792e-01
-7.293409528811305165e-02
-1.478043867720135740e-01
-6.298995673900218417e-01
6.632815905374633836e-01
5.143919356008371802e-01
-4.209125526854294863e-01
-2.792760427803557377e+00
3.705487632610616200e-01
-4.313572670541798715e-01
4.111692680732552119e-01
-5.234545756466689737e-01
-1.063308828355105984e+00
4.411231802937053137e-02
6.674684555080308002e-01
5.409811499647306787e-01
-3.135672781713958468e-01
1.096236557800825129e-01
-6.185525358215315794e-01
-4.188607902080878076e-01
3.019689262808878727e+00
-5.730653382401887375e-02
-2.883053534756395031e+00
-3.489516287159968311e-01
3.070877814192509159e-01
-4.570876734466364777e-01
-1.181087619456788751e-01
-1.965931474884298480e-02
1.378368727918012127e+00
5.332959316571527220e-01
5.681277300274150122e-01
2.400095395048374436e-01
-1.664293347894031383e+00
-2.214721724911258516e+00
1.749909667100871369e+00
9.518654348281037347e-02
3.989716177825277654e-01
1.873380505309934385e+00
1.191301888556012489e+00
-3.353123116362544121e-01
-6.211729188482670860e-01
-6.766109132194140230e-01
-9.881231555810723322e-01
-2.533718205087730491e-01
2.954768221361951386e-01
-4.749587517645150747e-01
5.436691108894955438e-01
7.700689965167409889e-01
-5.582559596121179635e-02
7.515752018956822766e-01
-6.434648520953396567e-01
-3.420472875882430985e-01
4.763062859880424216e-01
-1.299473802182700144e-01
1.648249020163051082e+00
-4.107314570714490354e-03
6.144900148725911393e-01
7.673146257794674630e-02
-2.712547945637663882e-01
2.427845008185618436e+00
6.442335340290066270e-01
1.459790612813139932e-01
1.878045837771561422e-01
-4.681112446404208094e-01
3.796125980714187831e-01
2.796028071744578458e-01
-1.824052276330807298e-01
3.761738358798156767e-01
1.688609486405095728e-01
-2.903982886895177806e-01
-3.643208057765331964e-01
8.517962046792004749e-01
1.138722976304487933e+00
1.750436099847508808e-01
9.290167763714307636e-01
-5.045255738094785170e-02
-1.950035258464770938e-01
5.353509459221800215e-01
-1.461275005441367569e-01
-1.209813345191437517e-01
1.383559758817073160e+00
7.748258626481273614e-01
-4.467148543520531312e-02
4.908485580074333221e-01
2.817397033564316366e+00
6.272252875313499842e-02
-7.960905906522406372e-01
-2.466583369317362440e+00
6.346934974228788384e-01
-1.933383274308263511e+00
9.964175075464008768e-03
-3.907532988131861562e-01
-4.459983447039721494e-01
-1.162993986128254276e-01
1.881643604239159329e-01
-1.837715050309964848e+00
2.596134849425759228e+00
2.151802160245024076e-01
1.354461629341146001e-01
3.541541456221849460e-01
-1.827436508010440441e-01
9.466527120782675109e-01
-7.960769123527488000e-01
-1.321335097700090944e-02
-7.552137771161734348e-01
-3.191823691953402098e-01
3.441076999968206152e-01
-2.251202183883549701e-01
3.463021525069833184e-01
4.206996963013417412e-01
-2.157236693980130460e-01
-1.046853980582811428e+00
-1.599555001831311496e-01
-2.100222522743069864e-02
-5.859680876772674907e-01
-6.417315463800873365e-01
1.743960117417364231e+00
4.981800097748784184e-01
-1.541615695751715975e+00
-5.338998708357214351e-01
-5.631083160192151826e-01
-5.034855188555452665e-01
-4.778489126410649657e-02
5.316964473531826663e-01
2.272659325257420537e+00
-3.078284354993878202e-01
1.007925104433056163e+00
3.432316908535346656e-01
7.859577175165613494e-02
3.833926382255681276e-01
-5.745087303978545501e-01
-4.586851683591806061e-01
6.741161434978719669e-01
6.327290409333968801e-01
8.984032620056240370e-01
