1.300956741322126398e+01
3.052772932632852587e+01
2.177425332628679655e+01
3.087010128507692741e+01
3.087010128507692741e+01
4.784302101441444677e+01
5.722544845445558792e+01
4.784302101441444677e+01
4.845092391510478080e+01
6.665766574803518552e+01
6.665766574803518552e+01
4.857065437104554917e+01
4.857065437104554917e+01
4.857065437104554917e+01
4.857065437104554917e+01
4.857946500072770846e+01
4.857946500072770846e+01
4.857946500072770846e+01
8.518254710353531323e+01
5.759282822853988648e+01
5.759282822853988648e+01
