
GEN Mean fit Std Best Ave life
0 -5.864824 0.02128 -5.843544
1 -5.843544 0.0 -5.843544
2 -5.843544 0.0 -5.843544
3 -5.843544 0.0 -5.843544
4 -5.843544 0.0 -5.843544
5 -5.843544 0.0 -5.843544
6 -5.843544 0.0 -5.843544
7 -5.843544 0.0 -5.843544
8 -5.843544 0.0 -5.843544
9 -5.843544 0.0 -5.843544
10 -5.843544 0.0 -5.843544
11 -5.843544 0.0 -5.843544
12 -5.843544 0.0 -5.843544
13 -5.843544 0.0 -5.843544
14 -5.843544 0.0 -5.843544
15 -5.843544 0.0 -5.843544
16 -5.843544 0.0 -5.843544
17 -5.843544 0.0 -5.843544
18 -5.843544 0.0 -5.843544
19 -5.843544 0.0 -5.843544
20 -5.843544 0.0 -5.843544
GEN Mean fit Std Best Ave life
0 -3.270025 5.982117 13.009567
1 -0.518509 8.648272 30.527729
2 3.802873 8.552945 21.774253
3 6.000892 9.593054 30.870101
4 12.620922 10.239731 30.870101
5 12.522337 12.435492 47.843021
6 16.436496 13.354428 57.225448
7 14.438667 10.976392 47.843021
8 16.682918 9.741464 48.450924
9 25.228006 16.608068 66.657666
10 23.049228 15.672566 66.657666
11 22.441503 12.221103 48.570654
12 22.453067 14.976353 48.570654
13 21.87146 15.430919 48.570654
14 22.423777 13.549719 48.570654
15 25.952207 14.555595 48.579465
16 30.74163 13.946759 48.579465
17 25.017401 13.181442 48.579465
18 27.902554 18.838017 85.182547
19 25.533314 14.919917 57.592828
20 22.981998 15.595364 57.592828