5.982116874478863089e+00
8.648271853673684006e+00
8.552945399311814967e+00
9.593053837925671345e+00
1.023973063301070674e+01
1.243549178479856820e+01
1.335442832758242204e+01
1.097639230127773224e+01
9.741464166344281139e+00
1.660806766894810949e+01
1.567256568141824147e+01
1.222110265083878211e+01
1.497635314481119373e+01
1.543091867318991461e+01
1.354971946344710076e+01
1.455559530778600141e+01
1.394675918764285960e+01
1.318144191003422527e+01
1.883801713080401186e+01
1.491991652756392917e+01
1.559536424091436402e+01
