-6.073717534301390497e-01
-3.151498114317243804e-01
1.502587004215141242e-01
6.759065216119803932e-01
3.412172005595512925e-01
9.705978174431924010e-01
-9.641042021278849461e-01
-3.678195045940211294e-01
-3.927420747133791856e-02
-9.275888219288632719e-01
-8.952548078705415691e-01
-2.664554342633913553e-01
1.183169387206925993e-01
-7.289699541301806196e-01
-8.633882178191272239e-01
-3.623271038490409879e-01
4.830444892242251598e-01
1.343459586760431534e-01
9.936086581880176904e-01
2.102084207199592658e-01
7.807915029482190850e-01
1.457781059980169935e-01
-3.815987202531179179e-02
-1.689093582172278563e-01
-8.570185115624735506e-01
-8.741376997346947952e-01
3.168137616783910371e-01
7.183456320010161988e-01
-9.619035573340461998e-01
-6.395466192294978480e-01
-3.450656052560767684e-01
-3.738631268963492627e-01
6.683926257113119718e-01
-4.952008743677440705e-01
-3.875729001741894386e-01
-2.483170604765416734e-02
9.016144873497551337e-01
-4.109700894004790772e-01
2.674087478337190404e-01
-9.028012288241733518e-01
-1.371197785344613340e-01
8.544261695887214181e-01
-5.651901918900976707e-01
-2.870767747142040083e-01
3.082895088046606613e-01
1.310828997813326957e-01
1.520630908206785925e-01
2.171054222569592795e-01
3.507730688508423622e-01
-3.546721615967696195e-01
-2.965676472395468721e-01
-2.059876269569933527e-01
4.467406488156333566e-02
1.340033366737611864e-01
7.479307829181507383e-01
-2.083277108922108045e-01
-1.015046365551759422e-01
6.653088849952615291e-01
9.421498730456014936e-01
-5.142088675833527134e-01
4.608603662210366547e-01
-5.047762531192390156e-01
4.822406332272488605e-01
-9.229452830649242934e-01
1.425693141928929819e-02
1.399573904910362820e-01
3.991827715525055886e-01
8.340611237347539397e-01
5.901905621653533718e-01
1.261609004174297777e-01
-5.650484596601890175e-03
-9.735474976002089775e-01
1.053313422867940830e-01
1.244488780307475562e-01
4.842036880632474283e-01
-6.692038984092665288e-01
1.773230042030407017e-01
-8.968348079811967466e-01
4.517993534848996351e-01
6.432168238297890639e-01
-1.244476849214115610e-01
3.753719723951649545e-01
3.246211043991575895e-01
-3.928028963309060373e-01
-8.235097610673050017e-01
5.159953813502351494e-01
-2.858465582842864006e-01
-6.772473583421820820e-01
-1.155866245859085151e-01
6.658821857730554683e-01
9.083729291568669595e-01
1.346774598538917900e-01
9.397127748758280497e-01
-6.531503562813427699e-01
-1.916513624356497303e-02
-9.832456473119453033e-01
-5.320669578844974268e-01
7.531206698631869312e-01
-8.812126600130256726e-01
3.088604087162198919e-01
1.908256424023080378e-02
9.751540035057164602e-01
9.871926079082413708e-01
-7.533177984533618865e-01
-4.758528897416154368e-01
9.828373516992945369e-01
-3.401120881492056824e-01
-6.390427976035180091e-01
8.235454967846593810e-01
2.344437916615813577e-01
-3.836843932531319723e-01
1.087732271343098134e-01
-1.451858808387784805e-01
-8.403015866206264839e-02
1.042481707199622853e-01
-6.604437750588916245e-01
2.312069908869760493e-01
9.103374676230469031e-01
1.840796000161706303e-01
5.749993355084905833e-01
-4.349283177632388142e-01
-6.908084797528288856e-01
-9.871230004216839937e-01
9.626377573678814858e-01
-7.618756528878094514e-01
-2.399703008947491334e-01
3.094464914917920417e-01
4.691991087632025881e-01
2.362651808179787594e-01
-1.208746515302814295e-01
6.298675467553078722e-01
-1.152804290686697541e-01
6.706074208977885753e-01
-8.919503229085818941e-01
4.440208987491853776e-01
-8.054037013911743426e-01
-2.248788753552959374e-01
-1.132250518029387365e-01
-6.360258091236408173e-01
-1.021032553618517191e-01
7.057887851233604071e-01
-9.271843047864114506e-01
-6.121639170221249149e-01
9.512310116056172937e-01
-1.000672506050905852e-01
-2.205285386632349631e-01
8.252938888788268201e-01
5.517460965536027384e-01
-6.529535972789364262e-01
1.957721303892856479e-01
-6.391903180261111483e-01
5.514410738283705982e-01
1.128655085050762619e-01
5.971795867642188949e-01
-8.701450381367190623e-01
8.560124717665498206e-01
-5.403778784623878284e-01
6.995627629607954479e-01
-1.168050119981656199e-01
7.777008376432457126e-01
-7.967163117479354462e-01
-8.924135156398496083e-01
-6.342342081370033746e-02
8.609366030898628619e-01
-6.937214238530597932e-02
1.494369053883826126e-02
-6.716160267404851503e-01
8.206498422901442602e-02
-1.455852853739005859e-01
7.758280130262134033e-01
4.819024779810665571e-01
-4.447471342197339972e-02
-7.020901990010401938e-01
-7.080902703113949315e-01
9.424965402068938847e-01
2.220319091304687742e-01
-5.500549407738728469e-01
6.219544110225312394e-01
-5.677567290213605400e-01
-9.201156125073195469e-02
7.543521844708518387e-01
-7.931945815807270872e-01
-7.940967317640208467e-01
-8.948341391443581649e-01
-6.965929718411152383e-01
-2.509367382492049270e-01
-3.567089745756852892e-01
-4.397549271877347898e-01
-9.716744812201170145e-01
-2.576399271579932204e-02
-1.092600032437360813e-01
4.815966742094310860e-01
-3.938076847261264835e-01
1.623733250344492340e-01
-3.737078033504981356e-01
5.059892727377635069e-01
-6.517088696312836049e-01
-2.129877835932991736e-02
-1.084437347451761013e-01
-8.252227149187185695e-02
7.622689192571141525e-02
7.227612016480899904e-02
-3.673045785031252564e-01
6.482154502610337765e-01
9.029729169138556166e-01
1.180150797193328938e-01
2.709919265066502714e-01
4.472893265094350923e-01
-3.603843962793993327e-01
1.845809191326106546e-01
-7.481804008361492286e-02
-3.113526566306701326e-02
-2.117234345712528665e-01
7.251839202155907493e-02
-5.637304907130735732e-01
-5.179539242899620088e-01
-5.996785184912403199e-01
1.889761676411503277e-01
-5.093412987645198342e-01
5.612592446944530966e-01
8.106018695183461187e-01
5.194537946811002005e-01
-3.434374865926772546e-01
8.852711324350870381e-01
-3.114336079430706228e-01
-2.768691092693233990e-01
1.905574929847544396e-01
3.213538508540068062e-01
-1.823227225376966576e-01
5.733318314298165852e-01
7.070507704181450137e-01
-4.227855964438549385e-01
-5.507953865298889085e-01
-2.051198334177399829e-01
3.972164598789569290e-01
3.396450694448756025e-01
-6.487454621734769500e-01
-2.226044140558938178e-01
8.037179405744161453e-01
9.198099128925676382e-01
2.084502098506715306e-01
5.602353902997423418e-01
6.796069278474936581e-01
-5.556141848280256035e-01
-8.682374682594553583e-01
2.227171111144379267e-01
-2.306167900001623305e-01
4.215049873478802223e-01
-4.126421645917990322e-01
-1.320752798921567273e-01
6.165822349645107003e-01
-8.135045348319382974e-01
-1.843161888123829861e-01
-6.935169978231081611e-01
6.722809062677836955e-02
4.655414345558344102e-01
9.743745502739926678e-01
5.069353780201071302e-01
-7.114984933198915673e-01
-1.259877633221984095e-01
8.437813626674750545e-02
2.755222759298754376e-01
4.016850221593990522e-01
9.466141056595616110e-01
8.844147017273062961e-01
