-1.873086850054117292e-01
-9.860357630925870032e-01
-4.270963358306489877e-01
-2.052889013660527950e-01
-2.732144376543891306e-01
6.523958086322526606e-01
7.168118872200285319e-01
2.162157235188607030e-01
6.939905887370027004e-01
-5.359425375276425374e-01
3.292767924772929122e-01
-3.740640405222365183e-01
2.315060948380052164e-01
-7.888039907988589894e-01
4.071654752455919901e-01
-5.738885572584891959e-01
4.063763675863595742e-02
1.200807479929081045e-01
8.219157103098024830e-01
1.937379876261650369e-01
4.717700012696390832e-01
5.340955342212111434e-01
-4.984576524952757937e-02
1.884664696924881755e-01
-3.843665865914759894e-01
-4.525373608285910842e-01
5.969857849227728774e-01
7.660283433616090765e-01
2.560257777472342289e-01
-6.846530120870736313e-01
6.778067516212757937e-01
-7.945229684689925076e-02
-3.982169319039939315e-01
-6.966933704308961861e-01
1.605500529287894051e-02
-6.597811989819641898e-01
8.559214577470062313e-01
-8.999676191857902685e-03
4.181752110438531345e-01
-4.907110422799275118e-01
4.147240486114208147e-01
7.457797467609007525e-01
4.020426250422992620e-01
-3.007473892773518953e-01
-1.020337757781865973e+00
2.685907022600007577e-01
-5.940232282175821332e-01
2.772188266183933658e-01
-2.984166191228430076e-01
-2.099163054592240174e-01
-1.568452719030336007e-02
6.659532100036614777e-01
2.768021599611640848e-01
-3.238089893185142065e-01
5.513264732799184609e-01
4.818775100476992979e-01
-4.736206023603491966e-01
7.787143084198263621e-01
4.650735339330838714e-01
4.012269554573011376e-02
-4.599210499765284954e-01
2.608387808874620406e-01
-1.821792813147303791e-01
-3.159824883473886792e-01
5.268684500184857983e-02
-8.543427553242970152e-02
1.788762366198349829e-01
-5.925532318351018901e-01
1.468225326198034086e-01
8.615335300665439844e-01
6.332074396356394130e-01
7.826464277524104451e-01
-8.307724646487175679e-01
8.027252592832671008e-01
-1.067731834243377920e+00
-2.446224078085269538e-01
-1.397150976853964166e-01
6.064013312970073510e-01
2.118147193608000411e-01
-6.202174024335640468e-01
1.940976936249133866e-01
-1.425379250016014232e-01
9.434505652642898310e-01
-2.455704547643388636e-01
7.821117570017860343e-01
5.528665951488372921e-01
5.247605644556466720e-01
-4.479280226108788843e-01
1.213449574707923528e-01
-1.767165819337044308e-01
1.620960250588703300e-01
3.011148582142949559e-01
-4.299060334075397449e-01
8.027131353686827175e-01
-5.133560209911437466e-01
5.477577790876202446e-01
2.203930257628758937e-01
-2.465201465797417779e-01
2.978990870842922467e-01
-2.062085327097331611e-01
6.927768107343550141e-02
1.087033321268525698e-01
8.344623715511901851e-01
-2.221902684847258669e-01
-2.614325572006954701e-01
8.167213287020255175e-01
-1.418393621983605191e-01
1.476772950637080806e-01
3.079968674329395806e-01
6.178116849296882984e-01
4.044434697112411770e-01
1.998701662841227689e-01
-2.477984026964126507e-02
2.477132591894627145e-01
-7.277738626484641093e-01
2.610501766577979499e-01
6.753625103883792447e-02
-4.619579524456926545e-01
4.133944033993031120e-01
-2.536491854386125344e-01
5.684955285300200556e-01
-2.346334687641218331e-01
7.557113145431457735e-01
2.040646402575874152e-01
1.548683168507034857e-01
-6.460934670311271333e-01
2.247090355564275999e-01
-1.076185889402822005e+00
1.262979133179537028e-01
-3.935287769035030192e-01
-4.578981322554320776e-01
8.709899835157175474e-02
4.505830432164925625e-01
3.202888313953402011e-01
-2.102464374500598310e-01
-6.769137858807527941e-02
1.819811920808569183e-01
7.430825569121519703e-01
-1.060901643165303859e-01
7.309800767661213117e-01
3.516873085260010523e-01
-6.845556623198266744e-01
5.809104409620294840e-01
-5.942077209050868891e-01
-7.861284034483118077e-01
1.903052585625732429e-01
-8.452575232979724351e-01
-2.556896322259365473e-01
-2.004807746108079949e-02
2.768858930443928723e-01
6.531133184634120292e-01
8.008786454444201119e-01
-5.104796100701905481e-02
-8.896668640914890958e-01
3.211071050786880043e-01
-7.813214348663697351e-01
-6.189189445201533912e-01
-5.147440595209961112e-01
-3.494534378038973710e-01
-7.799747509431826931e-01
2.785891321222170869e-01
3.614200875198975149e-01
-6.291016258869526201e-01
-7.914933907633721066e-01
9.153491113219832664e-01
-1.849370044402978142e-01
-2.797403558481400543e-01
2.790625798677155434e-01
3.788833039540068781e-01
-4.979753449897735829e-01
-5.572233397894973406e-01
4.695947973749892146e-02
8.978086589421191421e-02
5.673599807092013503e-01
-1.078708367374555943e-01
2.161222068503114435e-02
6.522339026706892584e-01
8.298180201080176399e-01
-6.855719512605091825e-01
-1.938284499288056295e-01
7.824359138889215304e-01
7.652208293238298431e-01
-7.126583734694194039e-01
3.196376004555920858e-01
-2.415737964104238966e-01
4.871520806030277817e-01
4.048023958426068547e-01
3.578374118321298036e-01
6.657082768123295802e-03
8.172291385317691503e-01
-8.120340458157246921e-01
8.860590565172375976e-01
2.898042218411361892e-01
7.438754733468524449e-01
-6.552434172503263099e-01
-1.026344730521850490e+00
1.597554690535695487e-01
-8.550681066667289443e-01
-7.913401665896954151e-01
9.239378904311007501e-01
-9.041426201281177466e-01
-5.397721144081750744e-01
-2.536774628848774138e-01
-8.547365985894945783e-01
1.008364177681230434e+00
-2.822609545202431902e-01
9.128400399618489258e-01
-4.161479459658290470e-02
-5.065883198821069522e-01
-5.735317900845606776e-01
-1.045360163646258389e+00
-6.202060667243931569e-01
-9.315984432661940096e-01
-4.568884449309903450e-01
4.710541771787130072e-02
-8.882539155223790894e-01
1.038071361917898006e-01
6.597346196091697923e-01
6.247759092064553155e-01
5.967258158745314400e-01
-1.436354983798016072e-01
-3.137400970314015991e-01
-5.075815923234359150e-01
3.981014951443035549e-02
-2.663387717083082751e-01
-2.387240695356430131e-01
5.623559001124421863e-01
-7.367327010523653241e-01
-6.996097142122741364e-01
-4.300258088862129457e-01
-5.049481552214198921e-01
-1.941150301392073618e-02
5.641369802969111724e-01
-3.037453014487027925e-02
7.568966311972258332e-01
-8.566829349108023850e-02
2.053244193259944339e-01
7.316738811170768741e-01
5.604897731857938492e-01
8.339943949540019608e-01
-3.181757543786223885e-01
-2.875204777481114027e-01
-2.760886893182377122e-01
-8.447120215620764760e-01
-2.731157571125519823e-01
1.657884411004694469e-01
3.256684084500507392e-01
9.273259354574688862e-01
3.473210161040364286e-01
-2.364224093460485510e-01
-2.642978189596692506e-01
3.917510676306091427e-02
-3.800599031865243282e-01
5.165988369352644272e-01
1.325510736454616270e-02
3.500035496455025652e-01
-2.567918474013144992e-02
9.348542025621774387e-01
5.609017095082722282e-01
2.686999333149844849e-02
6.885571541228906189e-02
2.669345038683097748e-02
4.754314950905377812e-01
7.246412296163432520e-01
-5.470633621547730252e-01
