

gen mean var std max weights
0 23.890185 13.967053 57.165189
1 29.306151 11.687914 57.165189
2 27.516386 7.028481 39.222348
3 31.108001 10.988092 48.216175
4 31.109558 12.370061 48.213103
5 26.606178 11.526017 48.203942
6 30.202937 13.351494 48.203942
7 32.902673 9.037929 48.203942

gen mean var std max weights
0 24.809614 10.799987 39.231679
1 31.108276 16.812659 66.216175

gen mean var std max weights
0 16.700222 14.636096 48.133532

gen mean var std max weights
0 18.052824 14.810764 57.228559
1 28.042981 11.17362 66.174
2 31.259984 10.90308 90.758093
3 30.295648 10.834811 57.241098
4 31.652716 11.29018 57.241098
5 31.19989 11.798727 57.241098
6 30.120371 11.273649 57.222348
7 32.097267 12.418573 57.222348
8 32.454626 11.616037 66.16227
9 29.667458 11.928039 57.228559
10 29.928565 13.212774 92.372379
11 29.935041 12.42927 66.182889
12 28.137125 12.19581 66.206986
13 29.578545 11.258168 57.228559
14 28.410481 12.403467 57.241098
15 31.649767 11.915672 66.203942
16 32.550341 12.829128 66.213103
17 29.849374 11.933681 57.21004
18 28.852293 11.195508 57.21004
19 27.41639 10.622898 48.234809
20 30.841389 11.610809 66.219256
21 31.291201 13.303484 66.216175
22 28.496731 8.600875 48.237949
23 29.305469 10.608905 57.228559
24 28.943394 11.02283 57.219256
25 29.576455 11.113532 57.219256
26 29.485567 12.702071 57.203942
27 29.128896 11.958483 57.203942
28 31.196019 10.561957 57.225448
29 30.11881 10.909154 66.159358
30 30.027495 10.648565 57.171054
31 29.935795 10.29255 57.194865
32 27.227659 12.467346 91.947511
33 29.297181 11.699227 91.947511
34 28.863008 10.826675 66.194865
35 30.656748 10.367638 57.222348
36 31.824904 12.683858 75.222348
37 31.643837 11.642423 75.222348
38 31.104726 11.968498 66.200907
39 28.768081 10.848343 57.222348
40 31.558483 11.18935 57.222348
41 30.744595 11.006514 66.244258
42 27.86791 11.136465 66.225448
43 28.49962 12.512157 75.147798
44 28.406185 11.660564 66.21004
45 29.669877 11.076416 57.216175
46 29.306606 11.198775 57.206986
47 30.388138 12.913059 57.234809
48 29.397031 12.539234 57.234809
49 31.554373 12.42752 66.203942
50 33.358866 11.620868 66.185869

gen mean var std max weights
0 24.801175 14.053923 57.213103
1 29.305843 14.759715 57.213103

gen mean var std max weights
0 20.304475 18.633127 57.174
1 33.807038 15.68574 57.174
2 34.703049 15.707152 57.174
3 26.610448 11.509055 57.174

gen mean var std max weights
0 10.411339 11.93177 30.191858
1 21.210196 17.533341 66.182889
2 29.297632 13.005275 57.206986

gen mean var std max weights
0 15.803173 13.471701 39.219256

gen mean var std max weights
0 13.091965 8.494143 30.179917
1 29.304685 11.700272 48.216175
2 23.020702 5.385223 30.231679
3 30.202286 5.690821 39.228559
4 27.506564 13.971643 48.216175
5 26.607423 10.017776 48.216175
6 28.397496 5.389735 39.176954
7 30.207566 8.990146 48.168118
8 28.392648 5.383142 39.125069
9 30.205658 9.847332 48.222348
10 30.209706 8.0419 48.213103

gen mean var std max weights
0 19.411089 13.225321 39.228559

gen mean var std max weights
0 15.806325 10.787891 30.216175
1 29.303413 10.198787 48.168118
2 24.816202 10.018897 48.228559
3 31.110135 13.016278 48.228559
4 23.01155 11.937303 39.234809
5 39.202168 13.343088 57.185869
6 32.907908 7.029343 39.234809
7 35.607705 5.968837 48.21004
8 30.202344 11.389913 48.231679
9 46.409931 13.232309 57.225448
10 36.498444 9.905857 48.219256
11 50.007995 16.986709 66.203942
12 38.282555 9.389679 48.216175
13 28.392485 12.58091 48.179917
14 32.890946 9.034977 39.222348
15 28.366188 7.837613 39.21004
16 30.187942 11.372359 48.197882
17 35.61314 7.192363 48.197882
18 34.706495 7.247757 48.197882
19 32.004738 6.727637 39.231679
20 32.898579 8.078381 48.206986
21 32.001785 8.838098 39.225448
22 39.207431 4.031005 48.206986
23 32.881466 10.676187 48.188859
24 36.483768 9.895075 57.203942
25 36.505969 13.967612 57.203942
26 27.516555 10.687198 39.216175
27 28.402861 7.836046 39.194865
28 35.592544 11.522095 57.194865
29 33.790615 15.157038 57.216175
30 36.506194 10.688622 48.21004
31 38.303992 12.362702 48.21004
32 34.703778 13.497496 48.21004
33 39.200687 15.063451 57.219256
34 32.896049 11.406006 48.150675
35 38.290794 7.451457 48.150675
36 35.59486 7.190951 48.188859
37 40.000145 19.616493 92.130119
38 41.902081 12.761717 57.213103
39 43.706853 13.495903 57.213103
40 40.10105 13.620365 57.213103
41 23.905921 13.374745 57.213103
42 41.000655 13.237846 57.213103
43 39.210796 12.068709 57.213103
44 32.906964 15.105023 57.241098
45 30.197828 10.667207 57.241098
46 40.112363 10.229256 57.241098
47 32.006919 13.814302 48.159358
48 31.100506 10.213484 48.159358
49 35.602542 12.855239 66.222348
50 34.712295 8.281668 48.216175

gen mean var std max weights
0 23.007955 15.47258 48.156456

gen mean var std max weights
0 39.21004 0.0 39.21004

gen mean var std max weights
0 -5.783825 0.0 -5.783825
1 -5.783825 0.0 -5.783825
2 -5.783825 0.0 -5.783825
3 -5.783825 0.0 -5.783825
4 -5.783825 0.0 -5.783825
5 -5.783825 0.0 -5.783825
6 -5.783825 0.0 -5.783825

gen mean var std max weights
0 9.919804 28.81579 87.727
1 40.481177 35.928994 87.737405
2 37.758593 35.928923 88.416393
3 64.748041 31.642903 87.727
4 81.466457 14.281812 91.772379
5 84.218934 18.090248 91.772379
6 90.869491 1.486567 91.772379
7 86.9899 12.730044 91.772379
8 89.572349 5.031364 92.372379
9 91.839845 0.202398 92.44704
10 91.839845 0.202398 92.44704
11 92.034777 0.322021 92.44704
12 92.16971 0.325134 92.44704
13 92.237176 0.305065 92.44704
14 92.237176 0.305065 92.44704
15 92.439574 0.022398 92.44704
16 92.439574 0.022398 92.44704
17 92.44704 0.0 92.44704
18 92.44704 0.0 92.44704
19 92.44704 0.0 92.44704
20 92.44704 0.0 92.44704
21 92.44704 0.0 92.44704
22 92.44704 0.0 92.44704
23 92.44704 0.0 92.44704
24 92.44704 0.0 92.44704
25 92.44704 0.0 92.44704
26 92.44704 0.0 92.44704
27 92.44704 0.0 92.44704
28 92.44704 0.0 92.44704
29 92.44704 0.0 92.44704
30 92.44704 0.0 92.44704
31 92.44704 0.0 92.44704
32 92.44704 0.0 92.44704
33 92.44704 0.0 92.44704
33 92.44704 0.0 92.44704
34 92.44704 0.0 92.44704
34 92.44704 0.0 92.44704

gen mean var std max weights
0 9.919804 28.81579 87.727
1 20.117878 35.898816 87.737405
2 36.467735 36.504977 87.737405
3 63.684441 27.351896 91.768788
4 86.571413 4.185784 91.772379
5 83.958719 15.010541 91.772379
6 81.494116 23.191303 92.372379
7 66.282365 34.95282 91.772379
8 89.638241 2.416449 92.58272
9 82.81098 17.634915 92.576119
10 83.224116 17.834306 92.576119
11 88.211912 1.454736 92.576119
12 87.727 0.0 87.727
13 87.803102 0.228304 88.488012
14 87.803102 0.228304 88.488012
15 88.192265 1.395793 92.379644
16 87.727 0.0 87.727
17 88.212572 1.456716 92.58272
18 88.189073 1.386218 92.347727
19 89.113218 2.117483 92.347727
20 88.684115 1.914248 92.531096
21 90.203103 1.989992 92.531096
22 90.672229 1.967292 92.576119
23 92.173814 1.012279 92.531096
24 92.25025 0.84402 92.576119
25 92.511036 0.075803 92.58272
26 92.552663 0.034344 92.58272
27 92.546712 0.028579 92.58272
28 92.559533 0.027315 92.58272
29 92.52401 0.075382 92.58272
30 92.559579 0.028844 92.58272
31 92.563933 0.021641 92.58272
32 92.556934 0.026742 92.58272
33 92.570448 0.021443 92.58272
34 92.552985 0.06474 92.58272
35 92.576238 0.015271 92.58272
36 92.569128 0.020841 92.58272
37 92.567808 0.020136 92.58272
38 92.57942 0.0033 92.58272
39 92.5814 0.00264 92.58272
40 92.58074 0.003025 92.58272
41 92.58272 0.0 92.58272
42 92.58272 0.0 92.58272
43 92.58272 0.0 92.58272
44 92.58272 0.0 92.58272
45 92.58272 0.0 92.58272
45 92.58272 0.0 92.58272
46 92.58272 0.0 92.58272
46 92.58272 0.0 92.58272
47 92.577558 0.015487 92.58272
47 92.577558 0.015487 92.58272
48 92.58272 0.0 92.58272
49 92.58272 0.0 92.58272
50 92.58272 0.0 92.58272

gen mean var std max weights
0 9.919804 28.81579 87.727

gen mean var std max weights
0 9.919804 28.81579 87.727

gen mean var std max weights
0 9.919804 28.81579 87.727

gen mean var std max weights
0 9.919804 28.81579 87.727

gen mean var std max weights
0 9.919804 28.81579 87.727

gen mean var std max weights
0 9.919804 28.81579 87.727

gen mean var std max weights
0 9.919804 28.81579 87.727

gen mean var std max weights
0 9.919804 28.81579 87.727

gen mean var std max weights
0 9.919804 28.81579 87.727

gen mean var std max weights
0 9.919804 28.81579 87.727

gen mean var std max weights
0 9.919804 28.81579 87.727

gen mean var std max weights
0 9.919804 28.81579 87.727

gen mean var std max weights
0 9.919804 28.81579 87.727
1 20.117878 35.898816 87.737405
2 36.467735 36.504977 87.737405
3 63.684441 27.351896 91.768788

gen mean var std max weights
0 9.919804 28.81579 87.727
1 20.117878 35.898816 87.737405
2 36.467735 36.504977 87.737405
3 63.684441 27.351896 91.768788

gen mean var std max weights
0 9.919804 28.81579 87.727
1 20.117878 35.898816 87.737405
2 36.467735 36.504977 87.737405
3 63.684441 27.351896 91.768788
4 86.571413 4.185784 91.772379
5 83.958719 15.010541 91.772379

gen mean var std max weights
0 9.919804 28.81579 87.727
1 20.117878 35.898816 87.737405
2 36.467735 36.504977 87.737405
3 63.684441 27.351896 91.768788
4 86.571413 4.185784 91.772379
5 83.958719 15.010541 91.772379
6 81.494116 23.191303 92.372379
7 66.282365 34.95282 91.772379
8 89.638241 2.416449 92.58272
9 82.81098 17.634915 92.576119
10 83.224116 17.834306 92.576119
11 88.211912 1.454736 92.576119
12 87.727 0.0 87.727
13 87.803102 0.228304 88.488012
14 87.803102 0.228304 88.488012
15 88.192265 1.395793 92.379644
16 87.727 0.0 87.727
17 88.212572 1.456716 92.58272
18 88.189073 1.386218 92.347727

gen mean var std max weights
0 9.919804 28.81579 87.727

gen mean var std max weights
0 9.919804 28.81579 87.727
1 20.117878 35.898816 87.737405
2 36.467735 36.504977 87.737405
3 63.684441 27.351896 91.768788
4 86.571413 4.185784 91.772379