3.018586946817493555e+01
5.677346333071253071e+01
5.708920335595946938e+01
6.577346333071253071e+01
8.541379137609949623e+01
8.541379137609949623e+01
7.488631782016776128e+01
8.541379137609949623e+01
6.587970258104904531e+01
7.477940982990025987e+01
6.577940982990025987e+01
8.583879267830492665e+01
8.699140997390337304e+01
8.443879267830492097e+01
8.583879267830492665e+01
8.719140997390337589e+01
8.699140997390337304e+01
8.423879267830493234e+01
8.781858578874552279e+01
8.659342407327507374e+01
8.583879267830492665e+01
