8.516362860442827198e+00
1.405931723490777685e+01
1.382055538623402846e+01
1.850338861157974790e+01
1.995145957557529570e+01
1.657787049608008800e+01
1.722593048919206993e+01
2.209983779207050958e+01
1.759911369737311304e+01
1.779783751836815853e+01
1.500368973690645369e+01
1.181234041284884206e+01
1.144768235173097715e+01
8.295814281781490607e+00
5.891345567394122185e+00
1.055111241028334490e+01
8.734720189585072347e+00
6.953760068894114355e+00
8.426006481960536476e+00
4.486532757035902819e+00
4.994477610757888542e+00
