-1.079458696597895978e-01
-8.539801487836927718e-01
-7.135201145805700751e-01
1.068102786120756820e+00
4.779859115370242995e-01
1.285162479590528761e+00
2.480245696677321199e-01
4.756879922548857831e-01
2.901801016045993387e-01
-2.588371058963782056e-01
2.367432342834852599e-01
1.389086912789180728e+00
-5.366521732760614061e-01
3.963140638873791782e-02
7.600808261687450607e-01
1.449751361899339175e+00
-3.527712524633039415e+00
6.199574546850774581e-01
-1.947102538872206523e+00
1.432818758637568912e+00
3.442751520844458124e-01
1.447586126470500889e-01
-5.383655508351461449e-01
6.234404389920551459e-01
-9.734219276843905089e-01
1.027225296759678302e-01
-4.319524318010720676e-01
-1.489035218104566571e-01
-5.820915730145501676e-01
-8.264470518155473400e-01
1.462438476723249003e-01
-4.188018867796678979e-01
-8.565487745924937890e-01
4.252067759646765421e-01
5.375226195238413940e-01
-3.038569767070357641e-01
-1.596337349361842961e-01
9.511345095328362920e-01
-4.836205323268000233e-02
-2.720486034546907295e-01
-6.685600971316590924e-01
8.275560979047493770e-01
1.723450459036316995e-01
-1.055270579005784359e+00
-6.887416537254574811e-01
5.035071728509296074e-01
1.395381486939825666e-02
1.219569936852095277e-01
-1.319326869718627337e+00
2.225323540808858969e+00
-3.524638012047123792e-01
-6.293800038684116416e-01
-3.004300372597483171e-01
-1.221838503539718433e-03
-1.504886474044401790e-01
-3.999692179779564816e-01
-8.238008211153635685e-01
6.063465570131412186e-01
3.332204041994540678e+00
7.564226350919541764e-01
-3.452124054649959306e-01
-7.819806668249677795e-02
-7.778752984693401706e-02
-1.283932868869618993e+00
1.686263700815836819e-01
-5.459903670127018716e-01
4.033490310391177891e-01
-5.799963886784553768e-01
4.266899275281839654e-01
-6.613194675721098190e-03
-5.321383149883411878e-01
-1.637003252154288990e+00
-7.265516808002266957e-01
1.154434535139279072e+00
4.449184204789941727e-02
-1.943208805987779175e-01
-3.711517385817150738e-01
-1.079955229889474788e+00
-5.615888515949993103e-03
4.316041618534880442e-01
-1.224321693632134611e+00
1.159858126941583079e+00
-2.602936696646522274e-01
-2.784070006635067096e-01
4.187706611581902827e-01
9.599047931378912324e-01
3.431106908695832208e-02
4.185018136763062890e-01
1.260978682610599755e+00
-7.843696345817223747e-01
-1.303861792084390459e+00
2.105595661985915357e-01
1.413702313738927296e+00
-3.830395610920492855e-01
2.247260369828536497e+00
2.356813511271157457e-01
5.417676136513595309e-02
-8.057338083436963450e-01
7.661263829112111012e-02
7.299214640728459713e-01
-9.968573488293777096e-01
-2.049250272307109010e-03
-7.260689702076247309e-01
4.870920299237741641e-02
3.536109109759839053e-01
2.578987402643055371e-01
1.028030075140877075e+00
-1.019104196345188562e+00
-2.296480952732486147e-01
9.590739055572286009e-01
3.646612757530941218e-02
-4.382685633104664302e-01
6.968237012591051993e-01
2.477562848804894635e+00
5.357843676677017664e-01
-1.073620728066041030e+00
1.631445587402780310e-03
-1.799510851455785876e-01
-9.181824913479896821e-01
3.168083700551737603e-01
-5.994646045308347215e-01
-3.290591353583168233e-01
-2.319842892656033051e+00
-8.008113148244919710e-01
1.888668354395347304e+00
1.735793423801218704e+00
-4.436509032130843688e-01
-6.009632889128608824e-01
1.486615651480420963e+00
5.330048288405820900e-01
-7.780158935764107664e-01
7.534871312721405090e-01
1.007434938421713388e+00
-5.605454299660039830e-01
1.031907832395840829e-01
9.794290265323595257e-01
-8.973632048202900835e-01
-7.235690889169813511e-01
1.154343245573822285e+00
-3.222089569459049563e-01
2.681768209762774857e-01
-6.593018822969147763e-01
5.215936093690498598e-01
-4.632937215869095682e-02
5.134447600275037216e-01
-2.510125387609488667e-01
-5.052029896390424213e-01
6.752764448678341136e-01
-6.165575418612779801e-01
-1.281861417053828056e+00
-1.297651028542337714e+00
1.053637138873011192e-01
-2.125771214857611890e-01
1.215229799805451982e+00
-9.325920433510208607e-01
2.139333383611459194e-01
-5.151334755235335017e-01
-5.786328175564592335e-01
-2.804657133758837739e-01
1.255791946575659734e+00
6.134092565908683126e-01
1.285285807299255956e-01
-2.756967602093277625e-01
3.001929164971478770e+00
8.755107830239841071e-01
-2.206628873643135813e-01
4.642261737788504483e-01
1.135408207729832863e+00
5.039045595089868268e-01
-1.022008030911417009e+00
4.896617448358812630e-01
2.973916958199249283e+00
4.539894490237691982e-01
-6.462761170657929100e-01
6.117103442481928999e-02
5.741377410606973708e-01
5.592580519657109894e-01
-3.291161721093637804e-01
-1.032236931986094897e+00
-1.624379848122459169e-01
4.008131554712444089e-01
-6.066859761800115214e-01
-2.742916167616170076e-01
1.965213936452550880e-01
1.045891546482780265e+00
-6.542305779442640912e-01
7.864294389176170741e-01
3.091071857532781686e-02
-8.735980261664088031e-01
-5.419490800678946618e-01
1.554277700009326080e-01
-4.699810458154990433e-01
2.467288880108485238e-01
-4.240708513996449547e-01
7.064658740553646510e-01
-1.980186500053254139e+00
-8.553408854987287757e-01
-1.854018229020073738e+00
8.375611404189104992e-01
-2.731324391229691395e-01
-2.032965641545600999e+00
3.153527643787500168e+00
-9.029307809543860586e-01
-8.836701484091460945e-02
-2.641821989530957482e-01
-9.651423573855366644e-01
8.134804259124249759e-01
2.203997662579103844e-01
-2.762168230054985740e-02
-1.374875943847958082e+00
-1.049458732800517546e-01
-8.711061282716023313e-03
-6.217267191848264707e-01
6.522105238719712039e-01
-5.593543120916775191e-01
6.982436428237071002e-01
-1.500469835139112362e+00
-2.189859779964332953e-01
-1.382534957516043939e+00
-8.506097167923989955e-02
-5.329595343691697629e-01
3.676537272179738469e-01
-2.534750079785340615e-01
1.858612010104927936e+00
-1.572074571388486497e+00
-6.927390218962430346e-01
-2.221784198321987147e-01
-1.200430207090048995e+00
-6.700443381416817390e-01
8.025135775884948419e-01
-1.073849866110039075e+00
-3.873857647486385614e-01
-9.019524671229397494e-01
-7.130196913759205835e-01
-1.564906117923455131e+00
-3.727249279476892996e-01
8.400522551098861535e-02
-6.393397075910189908e-01
-5.573885169241500348e-01
-9.755129473199317114e-02
-6.521946787780740218e-01
3.225664332083300057e-01
1.723070389083418419e-02
-2.082645266779320492e-01
6.862430882271525201e-01
3.490496019986103482e-01
4.396735236047179640e+00
-4.683014989693080610e-01
1.683916739457773648e+00
-9.846476902984422352e-01
1.094198516720583658e+00
-1.416276302438466139e+00
-7.093954586421613584e-01
1.447331730597671839e+00
2.771134690247958332e-01
-5.847601294827667884e-01
-1.071648623253161764e-01
-5.654095873568494302e-01
7.602943266020880664e-01
6.544896836075977387e-01
-8.479226431434572220e-02
-6.733986671834908400e-01
-1.842866180813995891e+00
1.613913072229479662e+00
-1.325040309817232087e+00
