3.020394224923462545e+01
3.070669517527550951e+01
3.062010264645953583e+01
8.890624979919323323e+01
8.890624979919323323e+01
4.828626719449063387e+01
3.970669517527549885e+01
4.850283177470679163e+01
7.457675303646649922e+01
3.970669517527549885e+01
3.970669517527549885e+01
3.970669517527549885e+01
4.842027017401377265e+01
5.725060701409175579e+01
6.518875562139871249e+01
6.655758228947820498e+01
4.845873645484156356e+01
3.942027017401377975e+01
4.847057091248856864e+01
4.847057091248856864e+01
6.606246379491757637e+01
5.739788117912030430e+01
5.739788117912030430e+01
5.739788117912030430e+01
5.723794861721981420e+01
4.847454706086822540e+01
4.862936197187232779e+01
5.740901301948913726e+01
5.740901301948913726e+01
5.740901301948913726e+01
5.740901301948913726e+01
5.740901301948913726e+01
4.851106227384332215e+01
4.851106227384332215e+01
4.851106227384332215e+01
4.851106227384332215e+01
5.746661051127247788e+01
4.851106227384332215e+01
5.733357331188756234e+01
4.842784596782223616e+01
5.746661051127247077e+01
5.733703951986404945e+01
5.733703951986404945e+01
5.739419793370399248e+01
5.745873645484157777e+01
5.746266573298146341e+01
5.745873645484157777e+01
6.638322890233342832e+01
6.640157804100164185e+01
6.640157804100164185e+01
6.638322890233342832e+01
