-2.674746823564625675e+00
-2.674746823564625675e+00
-2.674746823564625675e+00
-2.674746823564625675e+00
-2.674746823564625675e+00
-2.674746823564625675e+00
-2.674746823564625675e+00
-2.674746823564625675e+00
-2.674746823564625675e+00
-2.674746823564625675e+00
-2.674746823564625675e+00
-2.674746823564625675e+00
-2.674746823564625675e+00
-2.674746823564625675e+00
-2.674746823564625675e+00
-2.674746823564625675e+00
-2.674746823564625675e+00
-2.674746823564625675e+00
-2.674746823564625675e+00
-2.674746823564625675e+00
-2.674746823564625675e+00
-2.674746823564625675e+00
-2.674746823564625675e+00
-2.674746823564625675e+00
-2.674746823564625675e+00
-2.674746823564625675e+00
-2.674746823564625675e+00
-2.674746823564625675e+00
-2.674746823564625675e+00
-2.674746823564625675e+00
-2.674746823564625675e+00
-2.674746823564625675e+00
-2.674746823564625675e+00
-2.674746823564625675e+00
-2.674746823564625675e+00
-2.674746823564625675e+00
-2.674746823564625675e+00
-2.674746823564625675e+00
-2.674746823564625675e+00
-2.674746823564625675e+00
-2.674746823564625675e+00
-2.674746823564625675e+00
-2.674746823564625675e+00
-2.674746823564625675e+00
-2.674746823564625675e+00
-2.674746823564625675e+00
-2.674746823564625675e+00
-2.674746823564625675e+00
-2.674746823564625675e+00
-2.674746823564625675e+00
-2.674746823564625675e+00
