
GEN Mean fit Std Best Ave life
0 -2.674747 7.22163 30.203942
1 -1.018666 8.025384 30.706695
2 2.97457 9.181911 30.620103
3 12.118643 16.866401 88.90625
4 16.668221 15.929704 88.90625
5 15.05605 11.905292 48.286267
6 14.023988 10.582606 39.706695
7 16.274084 9.380952 48.502832
8 17.424426 12.404128 74.576753
9 16.494054 9.168951 39.706695
10 16.594566 6.861742 39.706695
11 18.274224 6.960404 39.706695
12 18.613121 8.169232 48.42027
13 20.180361 12.705863 57.250607
14 20.353565 10.853184 65.188756
15 21.339024 12.050342 66.557582
16 23.112778 11.906605 48.458736
17 23.169471 10.644736 39.42027
18 26.432644 11.085698 48.470571
19 30.403517 10.91796 48.470571
20 36.641418 11.689435 66.062464
21 39.416217 10.681859 57.397881
22 36.895961 11.639617 57.397881
23 35.830333 11.748313 57.397881
24 35.735241 10.897021 57.237949
25 36.802423 8.544205 48.474547
26 36.161348 7.772921 48.629362
27 37.140533 8.56662 57.409013
28 36.454967 8.782694 57.409013
29 37.940553 8.232305 57.409013
30 36.240758 8.733273 57.409013
31 38.020393 6.368547 57.409013
32 38.915012 7.178653 48.511062
33 38.283369 7.164577 48.511062
34 40.133474 5.433812 48.511062
35 39.065458 6.004606 48.511062
36 38.014256 5.824632 57.466611
37 39.821493 5.32598 48.511062
38 39.212645 5.671778 57.333573
39 38.614672 5.660015 48.427846
40 37.46914 6.968913 57.466611
41 35.959252 8.604262 57.33704
42 39.003579 9.230645 57.33704
43 39.921346 9.790854 57.394198
44 38.864087 9.598293 57.458736
45 41.871857 10.619611 57.462666
46 42.939485 10.801971 57.458736
47 44.630339 10.620294 66.383229
48 45.168354 11.379481 66.401578
49 47.037094 10.536194 66.401578
50 47.660757 10.577693 66.383229