7.221629820568843172e+00
8.025384056429858859e+00
9.181911084919910593e+00
1.686640051273672469e+01
1.592970440680217159e+01
1.190529247506884936e+01
1.058260583457381543e+01
9.380951942482095518e+00
1.240412803812457376e+01
9.168950886281416857e+00
6.861742252245148777e+00
6.960404019185880919e+00
8.169231603079719406e+00
1.270586262383969434e+01
1.085318417113645317e+01
1.205034159887417644e+01
1.190660470117095038e+01
1.064473584619368829e+01
1.108569817349754594e+01
1.091796000433183877e+01
1.168943530035208056e+01
1.068185857934689054e+01
1.163961728300591325e+01
1.174831316485541954e+01
1.089702074291957601e+01
8.544205070663833723e+00
7.772920602923525379e+00
8.566619864982683907e+00
8.782693652075129975e+00
8.232304630508965104e+00
8.733273310963351577e+00
6.368547400059303421e+00
7.178653436351323691e+00
7.164576523162766719e+00
5.433812193210882491e+00
6.004606048264371054e+00
5.824631771529296564e+00
5.325980403370769167e+00
5.671777980413958531e+00
5.660015271912699930e+00
6.968912776340243198e+00
8.604262355844443988e+00
9.230645200313109200e+00
9.790854152796326204e+00
9.598292516571515165e+00
1.061961062429421609e+01
1.080197069718806091e+01
1.062029352757708978e+01
1.137948140733835700e+01
1.053619389736310552e+01
1.057769250332609623e+01
