5.716226955283406141e+01
6.622544845445558792e+01
6.616226955283406141e+01
6.616226955283406141e+01
6.619185751001955964e+01
5.773214184093667001e+01
7.572188534076948940e+01
6.626990021702643219e+01
9.402326625757942224e+01
6.624109822612271614e+01
5.760183729848224488e+01
5.760183729848224488e+01
6.616226955283406141e+01
6.608110614572684938e+01
7.522544845445558792e+01
5.773214184093667001e+01
9.402326625757942224e+01
6.616226955283406141e+01
7.509191706183106874e+01
9.402326625757942224e+01
6.616226955283406141e+01
