-4.454268771847273989e-01
-4.248644031697992318e-01
-3.318739169687512369e-01
5.309641709704952112e-02
-6.939522173000776950e-02
-3.652545209293058814e-01
5.422105230600927639e-01
4.420660510387845465e-01
-7.991135376484135300e-01
1.307385433712167644e-01
3.450608543543477458e-01
-4.436763567244446649e-01
3.423971438141238943e-01
-5.843433451732646389e-03
-4.479764146764782518e-01
-8.482499269837719125e-03
1.148452388371245109e-01
4.794780950671745368e-01
7.468419903708622964e-02
-2.680374002916646736e-02
-3.705280832078107212e-01
8.566392628389135622e-01
2.410913594676233895e-02
1.761414527424938481e-01
1.213346823662136698e-01
4.646436254348033090e-01
-7.820258859511501903e-01
4.844184629003635556e-01
9.356071412534068266e-01
-4.696031612424288459e-01
-2.898899623802270176e-03
2.034753571031304720e-01
6.226474315775885060e-01
-6.516215088248098475e-01
2.617200381142756327e-01
9.798073718305704005e-02
7.673327945178266551e-01
-9.869040529656494254e-01
-3.495969622824168788e-01
-3.411666037943326957e-02
-4.025543685980093045e-01
-9.242565898088809240e-01
-1.706204598048601806e-01
-7.408575966004427027e-01
3.258050543846595093e-01
-9.948663879773556040e-01
5.285701988291304776e-01
-9.405731775805679096e-01
-7.061762306071704964e-01
-4.153317979571868879e-01
3.273932596579313681e-01
-8.923738411179196750e-02
-2.693052708141818186e-01
1.656434797671946235e-02
1.000000000000000000e+00
-5.987018813009191698e-01
-5.884634971447393337e-01
2.054158711790440850e-02
-3.262610610313232962e-01
-6.878658018382441952e-01
7.124571215488431086e-01
5.751122192070931005e-01
3.931497279200694139e-01
6.599065854205927728e-01
-8.134216295326984758e-01
6.101701820871627824e-01
3.219479587290530187e-01
9.690468266970626576e-01
5.330322762187683638e-02
4.118283452449945647e-01
-3.476185147614851978e-01
-4.714985360549456272e-01
9.685113364082342802e-02
-3.754088623043038142e-01
-9.892469355487528704e-01
7.044286210986305807e-01
-7.744514733731922007e-02
2.561115703135433130e-01
-1.933485319624619614e-01
8.357238715154647890e-01
3.857549758231065273e-01
3.931614351070676361e-01
-1.239087073657363369e-02
-8.085067609004903399e-01
-5.769853090167115228e-01
4.311146874536132545e-01
-3.257107737805076120e-01
-2.845351412914910449e-01
2.715820795593963943e-01
7.772328054357543481e-01
-1.852571884759702248e-01
2.853991959466824491e-01
3.461174315631517784e-01
-2.092319024375521308e-01
2.902415191429134067e-01
3.864316203108009162e-03
-2.220823006208071937e-01
5.740948611368760224e-01
-1.176757338182140566e-01
-4.638016961574932540e-02
-3.064184928315114576e-01
5.304480163593673359e-01
8.992886228982955865e-01
4.146218900005715913e-03
-5.158014784283907472e-01
1.392769732617740175e-01
1.000000000000000000e+00
-3.916894695126828252e-02
2.886957555204615056e-01
-3.912652268004462863e-02
-3.844691715005585375e-01
-7.329682579678146181e-01
3.826183617211816879e-01
9.095204521743076587e-01
-1.000000000000000000e+00
3.686510396913643683e-01
7.445047927859640424e-01
9.973997308988408195e-01
2.586972972979024732e-01
-5.635915495994037183e-01
-1.000000000000000000e+00
8.676754902979650907e-01
-5.435168012768545331e-01
9.795736090650173367e-01
-2.483299993349710189e-01
6.514748786439167327e-01
-2.059473767205648731e-01
-1.069794639612646758e-01
-4.845347337291296963e-01
-2.687915477256651586e-01
-6.513903891465778750e-01
9.319719135475051930e-02
9.486835553952713829e-01
7.287159185756826585e-02
-9.518596792686651042e-01
8.695350061220039062e-02
4.372059910580614051e-01
3.733844651765150235e-01
-9.148518554525466584e-01
-1.079672518763266365e-01
-1.141289247259567041e-01
6.252885070774357734e-01
2.065399208608961201e-01
-3.653499767362598516e-01
4.540834385468058843e-01
1.000000000000000000e+00
-5.101747731545757114e-01
6.819609113587526972e-01
8.604352392754996970e-01
3.814616013008864659e-02
7.712921418553130293e-01
1.645431537358458263e-01
6.648820034197124862e-01
-1.400168675664820450e-01
-9.105783588825488994e-01
4.880520522670582784e-01
-1.527608231478704559e-01
-2.206210681342674618e-01
9.398561664846322161e-01
4.193230989604269654e-01
1.394737070220399278e-01
1.000000000000000000e+00
7.128341054006130939e-01
5.869101283692754883e-02
1.152462602461245544e-01
4.103023206362841346e-01
3.543040170882426065e-01
2.971702962089923031e-03
3.682586698270579745e-02
8.639324866624050747e-01
8.176356735845026480e-03
8.672927746663465776e-01
-9.575195482637978150e-01
-4.901653167650167342e-01
-4.576172740112288140e-01
1.000000000000000000e+00
-1.759888924593589199e-01
-1.793995052223188447e-01
-5.823240776993054979e-01
3.240715744085330696e-01
1.720785911428105441e-01
9.587645220862864859e-01
-4.826558717795409459e-01
4.203528660479068924e-01
-5.337049214548833520e-02
-1.326265031162183194e-01
1.324684752322855541e-01
-8.774008189151750736e-01
1.000000000000000000e+00
-4.658759384946330462e-01
1.000000000000000000e+00
8.919067276576188030e-01
-2.543839115414291419e-01
8.233816869673751815e-02
-1.299553862092368145e-03
-1.625605650185979467e-01
9.457625820404204076e-01
3.978843192823684483e-01
2.031214981974080458e-02
2.412121320787835588e-01
-1.009453419815345698e-01
4.642403943786770903e-01
1.760654670551642376e-02
-7.823206977070950030e-01
9.860471889211646079e-01
9.891867137903943563e-01
-2.781770480766057596e-02
-4.569775410928157977e-01
1.763181383408048142e-01
-4.985911546594309351e-01
3.437832222430463602e-01
-5.125627322411481224e-01
5.475026466028486416e-01
7.668605282182935357e-01
-2.637140989787664092e-01
3.566331299988058090e-01
-7.874010554210938428e-01
-6.462930388056702391e-01
-3.886468516916742888e-01
3.104059419705558209e-01
-8.611105313162470409e-01
3.635240312696645659e-02
-3.855786567174653012e-02
2.918955041800244676e-01
-5.307989518439482080e-01
6.066305589943345872e-02
-6.812914641885079448e-01
3.676893392959987295e-02
-7.027317852587732228e-01
3.472980110279145216e-01
9.725618299578804304e-01
2.725526178775197414e-02
1.000000000000000000e+00
-4.263347096013044013e-02
1.000000000000000000e+00
-1.535604143915884068e-01
-1.000000000000000000e+00
2.044406530584706172e-01
-5.456942688843321454e-01
2.285542240237468103e-01
-1.000000000000000000e+00
-9.725320434297450578e-02
3.771732751270595041e-01
4.302653320847528162e-01
-2.953980009442352950e-01
8.451716373861067888e-02
-2.343964853060832576e-01
9.679046924011801556e-01
1.000000000000000000e+00
4.475884239246071677e-02
-5.905092795274964612e-03
-8.362103817418298224e-01
3.987737869337233398e-01
4.255161328007084354e-01
-1.244160178544898021e-02
-4.371640147709697222e-01
8.987974455920018091e-01
-8.954500676809709070e-01
-4.171639611897644540e-01
-1.000000000000000000e+00
-1.772743460636636570e-01
6.681006036313696939e-01
1.000000000000000000e+00
1.119412642293309834e-01
-1.000000000000000000e+00
