GEN Mean fit Std Best Ave life
0 -0.759109 10.688044 57.16227 0.0
1 3.488354 15.306306 66.225448 0.0
2 3.081363 15.913918 66.16227 0.0
3 8.595776 18.148655 66.16227 0.0
4 16.355906 23.138821 66.191858 1.32
5 20.515884 20.369636 57.732142 0.0
6 33.417715 22.946458 75.721885 0.0
7 45.396543 18.609027 66.2699 0.0
8 52.229488 16.247608 94.023266 1.8
9 55.047513 9.321573 66.241098 0.0
10 53.654828 11.630181 57.601837 0.0
11 56.47671 4.960958 57.601837 0.0
12 56.324093 7.385112 66.16227 0.0
13 57.549507 1.736504 66.081106 0.0
14 57.218422 5.905293 75.225448 0.0
15 57.211979 0.114018 57.732142 0.0
16 58.48027 5.796991 94.023266 1.8
17 57.390511 2.186357 66.16227 0.0
18 58.107483 3.233511 75.091917 0.0
19 58.69763 5.59445 94.023266 1.8
20 57.571701 1.75043 66.16227 0.0
