1.068804386616544377e+01
1.530630644871514257e+01
1.591391793966759849e+01
1.814865496377902332e+01
2.313882145071314156e+01
2.036963604186227172e+01
2.294645832372793848e+01
1.860902707568072501e+01
1.624760796233340443e+01
9.321572849098570757e+00
1.163018104878443282e+01
4.960957770438006342e+00
7.385111838033284748e+00
1.736503839686832640e+00
5.905292519968235787e+00
1.140181094276984941e-01
5.796990662969149888e+00
2.186357242165169357e+00
3.233511178866107283e+00
5.594449863648464749e+00
1.750429852158980948e+00
