3.072700044143625320e+01
4.816226955283406141e+01
5.720090734553947698e+01
5.773214184093667001e+01
5.760183729848224488e+01
5.773214184093667001e+01
5.773214184093667001e+01
6.169224472101785750e+01
5.773214184093667001e+01
5.773214184093667001e+01
5.773214184093667001e+01
7.505982874727956755e+01
5.773214184093667001e+01
5.775297592783951472e+01
5.773214184093667001e+01
6.628626719449063387e+01
5.773214184093667001e+01
7.528297229859377637e+01
5.773214184093667001e+01
5.773214184093667001e+01
6.673214184093667711e+01
