-1.234498550020257657e-01
-2.036135615387623110e-01
4.432943128788033871e-01
7.320160741056727094e-01
4.530919020038347567e-01
-1.382750437201051841e-01
8.795869240248989085e-01
-2.245522965241710800e-01
7.337994875507942716e-01
7.878792901723787878e-01
6.208374995470711255e-01
1.428217891035412634e-01
7.370391319188375479e-02
-6.050614392888091775e-01
-1.471227750007751134e-01
-1.000000000000000000e+00
4.144825931136129071e-01
-2.146196746884447837e-01
-3.092693881280290658e-01
2.526358445999001834e-01
1.685150045191695090e-01
2.041963009196913759e-01
-4.665957906308503267e-01
1.000000000000000000e+00
-8.265008742266648500e-01
3.606185431642217054e-01
5.403074897165427437e-01
5.813597839038200377e-01
5.385036046465452308e-01
4.447379273407273681e-01
-7.411868856002293837e-01
8.484829955972168491e-01
9.459187226578745777e-01
3.811500542215159326e-01
-9.770254298275482530e-02
-2.961199864604913690e-01
1.948017683396105759e-01
5.498086710224427964e-01
1.133516013934482425e-02
6.955233962560618544e-01
-9.034201704786222198e-01
8.884279364136475898e-01
-8.104786684215128378e-01
-5.650768256601116368e-01
8.382601961206614938e-01
4.577344371941063361e-01
-6.119798464531077675e-01
-1.190243282913939771e-01
-1.151650795720343123e-01
3.768265309699249110e-01
-8.952155711257936410e-02
-5.972485382781869134e-01
1.036597171570612375e-01
-1.919901009028672501e-01
-7.747151513106280696e-01
-2.271421757329618596e-01
-8.112728738147817475e-01
-5.548883155246598919e-01
3.960134913056365669e-01
-3.253649046382802723e-01
9.209665909232145342e-01
3.096670243577337445e-01
-6.144856165271330717e-01
-1.281016289515399531e-01
-3.862902080238268532e-01
7.423024947626497561e-01
3.910020928754900371e-01
-1.710636080145655491e-03
-2.993692399244654023e-01
3.136679554000396108e-01
6.120181202831895262e-02
6.466040837816547926e-01
7.040895713101085196e-01
-5.572206388378241337e-01
5.893774619066114440e-01
-5.597189148706267769e-02
-3.672263520599541309e-01
-3.921277200890407322e-01
4.278671597601394483e-01
5.752032553835896289e-01
7.134548718497784048e-01
-4.168140563107236574e-02
4.707895934287735784e-01
7.374376933948643131e-01
-4.973589561452966823e-01
-1.394270809749335038e-01
2.084486955927193907e-01
-3.063189109367812635e-01
-6.381827102972000842e-01
4.908087160311996877e-02
-6.302463371696964689e-02
2.223090966142127201e-01
-1.208118167783773789e-01
1.868401675486419666e-01
-3.952958836834230549e-01
-7.472418855120688264e-01
-4.470503294317214049e-01
-8.626447199004620980e-01
-8.040139958440020163e-01
-8.715669945319004519e-01
-6.338541996902213871e-01
6.889813620932083715e-02
3.367998498196923540e-01
1.506107320049077103e-01
8.264366884730028895e-01
2.529287699437889891e-01
3.555072126069167004e-02
1.228949943110430321e-01
-5.105372294643660824e-01
1.316868843957959556e-01
2.575693416191473517e-01
-2.539088306735538536e-01
3.544993776033775745e-01
-5.316785284644794940e-01
6.132710849530011998e-01
-2.359818748902696717e-01
-4.488017979509706379e-02
5.275174378236464623e-01
9.838728171675669154e-01
7.222142397782018719e-01
8.845437081254234890e-01
2.436100904436427905e-02
2.920811733426605383e-01
-3.603209638808642090e-01
1.576739809559080108e-02
1.765407315997066795e-02
-2.701442534412266117e-01
9.191321926285733745e-02
8.476156393242383069e-02
4.551417028489379568e-01
-9.820050484993757545e-01
-8.883784140951731523e-01
2.146199129077304701e-01
-1.000000000000000000e+00
-8.282492508207517368e-01
1.000000000000000000e+00
-5.998902883757627480e-01
-1.865694952746626278e-01
2.834966504271969612e-01
-6.551818917466433190e-01
2.637779991741018293e-01
-2.938610572369327878e-01
-4.263636588795249316e-01
-1.476975009357252011e-01
-5.668093478084705872e-01
-4.438731970704420382e-01
-8.061707524201781050e-01
7.183550613212186242e-01
4.384055389381222856e-01
6.475290068593262394e-01
-2.180487039459650389e-01
9.318670837217224445e-01
-8.487222466704898993e-01
8.485999786126163791e-02
1.704332431986753660e-01
9.396889611594556602e-01
-4.959277605270614453e-01
-1.248702877288474511e-01
8.577994720903785453e-01
4.555240268796930669e-01
9.493849651644323817e-01
4.257979156241217811e-01
4.222044522676096090e-01
-9.921382949309853760e-02
3.323015641664650577e-02
-1.848152345952724929e-01
-1.000000000000000000e+00
-8.736854442382535613e-02
-3.669429685018327225e-02
7.107637242732245397e-01
-7.816710934940848121e-01
-2.985444876109070722e-01
-2.295448469557399562e-01
-4.706391310305156617e-02
-1.309250559425700344e-01
-1.492127766451773474e-01
-4.697535975036465361e-01
4.555254662780652275e-01
3.921688390590325479e-01
-3.175669030715935204e-01
-2.577333457099757474e-01
8.784728287757253007e-01
1.000000000000000000e+00
-5.849735825581777598e-02
6.258832918184759064e-02
6.821382563867824933e-01
5.210566294820958566e-01
-9.773967981586532128e-01
-7.723651532935075226e-01
-8.827828647791630123e-01
8.283600351731214007e-01
-1.808165941464782156e-01
-7.985376881600898535e-01
1.000000000000000000e+00
3.417894282315633303e-01
-7.875764134020880602e-01
5.124291807415961575e-01
-1.923882620965126078e-01
3.434903047112524144e-01
6.977865339086084528e-01
2.807061992047188981e-01
-2.309349359158207049e-01
1.000000000000000000e+00
1.308179802475808451e-01
1.422928324176206960e-01
7.325528356406982855e-01
4.225783765964117311e-01
1.077397627372039812e-01
4.991645168153289736e-01
9.207441717573056073e-01
5.915674550666105702e-04
-4.102971279690530992e-01
-7.774637549535567960e-01
5.485950060425379693e-01
-6.317235213560570273e-01
-1.100799491225097348e-01
1.725440808837529205e-02
-2.039386475478424110e-01
-3.696335005266494500e-01
-2.474363571662563099e-01
-3.788209470972180859e-01
1.558698174670137826e-01
6.812526928881424970e-01
9.004351781503932006e-01
-5.827282652629985904e-01
-8.818887065858266316e-01
-8.302638264931569978e-01
-6.361282262655889586e-01
5.478492552332285825e-01
-2.226139755800808917e-01
-7.206714033647334539e-01
-3.728370175419630783e-01
-5.643958745399678678e-01
-3.266885354597117153e-01
-3.466901054690818551e-01
-7.321615738829680975e-01
-4.554117413652808422e-01
7.087500361285877792e-01
2.535161392495982602e-02
-9.322794297545489162e-01
-9.175775951397122654e-01
-5.888028920260457433e-02
9.261411860090518200e-01
-2.284420190628290714e-01
-1.981822440494270532e-01
6.703215731141660694e-01
-7.760763353738220349e-02
-4.925918377038978058e-01
7.965626342697746942e-01
-4.411469573558162716e-01
1.763073313711788215e-01
2.414848680500013556e-01
2.215280978103376097e-01
-1.049300566575135096e-01
1.975690787392859193e-01
6.750590493220012256e-01
-9.930820476553858800e-01
4.234503573780538932e-02
1.517884367587735150e-03
-1.822605696535475328e-01
8.621620820101831839e-01
-2.286645962620881267e-01
3.988627531987484209e-01
8.936913254049569932e-01
-6.213905954246863317e-01
