GEN Mean fit Std Best Ave life
0 -1.7863 8.031469 30.727 0.0
1 -1.514332 9.296355 48.16227 0.0
2 1.552724 16.60971 57.200907 0.0
3 12.252795 24.622649 57.732142 0.0
4 3.676071 14.629876 57.601837 0.0
5 6.230796 14.421813 57.732142 0.0
6 6.366369 15.414797 57.732142 0.0
7 10.980794 19.050027 61.692245 1.12
8 13.410216 20.623784 57.732142 0.0
9 16.946737 22.774615 57.732142 0.0
10 18.205307 22.805304 57.732142 0.0
11 29.269823 27.030178 75.059829 0.0
12 34.285612 25.602983 57.732142 0.0
13 42.878921 22.793922 57.752976 0.0
14 47.721974 18.97324 57.732142 0.0
15 55.792374 9.087995 66.286267 0.0
16 54.641262 11.532087 57.732142 0.0
17 53.740893 14.585707 75.282972 0.0
18 56.503536 7.538985 57.732142 0.0
19 56.571363 7.547223 57.732142 0.0
20 56.366584 8.591665 66.732142 0.0
