8.031469329707583427e+00
9.296355318339806217e+00
1.660970969592014512e+01
2.462264898499552146e+01
1.462987646799311392e+01
1.442181335789861940e+01
1.541479717008356154e+01
1.905002687451396781e+01
2.062378412350383527e+01
2.277461528885410758e+01
2.280530386335654214e+01
2.703017847303854282e+01
2.560298298559148833e+01
2.279392203544078654e+01
1.897324014156083649e+01
9.087995351138111744e+00
1.153208658905810147e+01
1.458570703581342087e+01
7.538985335836444257e+00
7.547223493078398349e+00
8.591665125894053290e+00
