9.177237888630936880e+01
8.808801221164345918e+01
9.236889138314541015e+01
9.057611947915371786e+01
9.249405452609941847e+01
9.177237888630936880e+01
9.197237888630935743e+01
9.177237888630936880e+01
9.236355803717005131e+01
9.177237888630936880e+01
9.257611947915371786e+01
9.232700044143624041e+01
9.292700044143626315e+01
9.292700044143626315e+01
9.292700044143626315e+01
9.313193985886486814e+01
9.224704041507837360e+01
9.213703951986404661e+01
9.257237888630936595e+01
9.257237888630936595e+01
9.237237888630936311e+01
