-1.757231143762520986e-01
9.769207977960923106e-01
2.187232136151634476e-02
4.402316054093576292e-01
6.413569105069164555e-01
-9.290378648071795364e-01
-4.037819687903130284e-01
2.165510830231337502e-01
-3.491031343692093669e-01
-6.133448181979285208e-01
-4.078937792431273079e-01
-5.695209866560309031e-01
-5.185712082555200553e-01
-9.005344872930373112e-01
-2.168109106332106739e-01
4.737918983649443971e-01
2.693930748143107956e-01
-9.409093900611092964e-01
-2.905653892140580563e-01
-4.008249131500250528e-01
7.812376002117802365e-01
7.762562144539921771e-01
-8.734289078007387852e-01
-8.949246214096256979e-01
7.037962440302613087e-01
-3.490069152217049053e-01
-7.805709840290148138e-02
4.674910504282553392e-01
-1.000000000000000000e+00
-7.364835539071731274e-01
-9.231197727043949364e-02
4.622013574283054260e-02
-6.122106053779857726e-01
-9.569654181263343995e-01
5.087830105716073525e-02
8.659635986041133160e-01
-4.641213358648986764e-01
-1.000000000000000000e+00
4.852510439629297290e-01
-2.445133066869014660e-01
-1.957209311152863229e-02
2.177972119348586810e-01
1.749560713081105279e-02
-1.000000000000000000e+00
2.415474049198919893e-01
-2.778239350620400616e-01
6.184929632901129404e-01
-7.677096548362450923e-01
3.048344744427450292e-01
-4.387246937333438845e-01
-6.798953494106787510e-01
-6.881936276178036993e-02
1.189508976590015199e-01
-1.000000000000000000e+00
-2.762626870949245195e-01
2.389150740219718461e-02
2.899641827661091908e-01
1.307761468935955407e-01
-4.831149181056265673e-01
-1.000000000000000000e+00
6.829931961650341776e-01
2.527575564270358455e-01
4.586598145271121307e-01
-4.132418200573237943e-01
-7.825228280064225883e-01
-2.496900586888111673e-01
-4.041441195311762380e-01
5.659320802127285610e-01
-4.630465314503504626e-01
-6.214135796086135421e-01
2.702918069125562761e-01
-9.111969402669718443e-01
-3.598362016202696356e-01
1.599954249140940199e-01
-4.846532868300560959e-01
-9.385011332141465767e-03
-2.913791781276340309e-01
-3.700408265713326511e-02
-7.769259625172385553e-01
1.835078736633433127e-01
-2.546522107462033668e-01
2.227758740270676663e-01
1.316356994474639497e-01
2.166723425819134796e-01
-5.977961465468359936e-01
-4.625930468189265454e-02
5.871158012650030678e-01
1.000000000000000000e+00
1.000000000000000000e+00
1.078818187932339412e-01
-7.208917685795749319e-01
3.831174344466023451e-01
2.685431234819957158e-03
-7.003443240057842800e-01
1.000000000000000000e+00
-2.954819566106471340e-01
-5.800552638733126321e-01
-9.903619710895724682e-01
3.932650543605562543e-01
8.145088851769375360e-01
3.844308582959714560e-01
7.852722945891428274e-01
-9.782694673195472257e-01
1.660741234712515002e-01
-3.276771727770837472e-01
2.647787393950729040e-01
-4.617116306583276542e-01
2.815196555353625119e-01
-1.875867576815879734e-01
3.502995432924266295e-01
-6.000760396005809794e-01
-8.328730460877643571e-01
9.787887615562500532e-01
-8.639275840450196808e-01
8.962000125280157325e-01
8.852847575689825055e-01
-1.352427862577419704e-02
9.177470418753250758e-01
2.389576980411756146e-03
4.182498560575732549e-01
-7.048364240447163587e-01
-2.421919592177443903e-01
-3.668356556252590495e-01
2.546962078086108527e-01
2.868528980682208962e-01
-2.172454558613196030e-02
9.759616466829265091e-01
9.870741508337183001e-01
5.260785472469454715e-01
-4.190046149598052327e-01
1.000000000000000000e+00
4.276080668680543040e-01
-6.216706268063143526e-01
-2.854268614929267311e-01
4.901118774342286821e-01
-4.185689612025543793e-01
1.000000000000000000e+00
3.177399075233566794e-01
3.324842408732665566e-01
3.202597476865793324e-01
1.323877651821941948e-02
7.074935184471726757e-01
-2.106733060985590544e-01
-5.248046990809974721e-01
3.763561848689062073e-01
1.360522546701439239e-01
2.393121299766320931e-02
-9.571243215499489754e-01
3.168640784859204362e-02
-8.190142287779833552e-01
-9.602663742139558867e-01
-6.465475489928605990e-01
-1.000000000000000000e+00
1.000000000000000000e+00
7.499841991547725462e-01
2.126303719156228400e-01
1.000000000000000000e+00
9.864022562646064252e-01
-6.703313687065890480e-01
4.077406566895013795e-01
-3.480098696060703878e-01
-2.236347724678769411e-01
-1.690721565357180545e-01
2.647417313337973588e-01
-4.635483070482097623e-01
4.108861611925966884e-01
-4.799526492445403969e-01
5.951045628580635682e-01
1.025245960637995446e-01
-3.804394676389837304e-01
7.751216326789023281e-02
-4.412996889290594082e-01
8.072802801207384915e-01
-5.349313342612880273e-01
6.866583398124592730e-01
1.000000000000000000e+00
2.254763337324934280e-01
-3.595544009876199265e-01
-1.187204260869728634e-02
2.470059747734845157e-01
9.320468758895698036e-01
8.109254074127884016e-01
-1.000000000000000000e+00
-8.496277619952194993e-01
2.475912219441779583e-01
6.092400617999391699e-01
-6.953973357148349743e-01
-2.823362280941624780e-01
5.375467564736617909e-01
-9.422305561107999772e-01
2.238607551802186957e-01
7.269029588828139765e-01
-4.112310362037320255e-01
-2.106809658667524454e-01
-2.652229635092429039e-01
6.579621661415886447e-01
1.000000000000000000e+00
-6.274959848118998318e-01
8.944294148840359338e-02
-1.742729761318897452e-01
1.734625580381357057e-01
-1.935365125360932748e-01
-2.815443167750401043e-01
-8.832979463989311109e-01
4.287554701322304207e-01
2.240317275692631227e-01
6.232973188694203026e-01
-7.947687876377258487e-01
-8.564372586047166447e-01
3.488650133642416384e-01
-8.237265553533754670e-01
-3.239616432950853664e-01
1.000000000000000000e+00
1.000000000000000000e+00
5.233141218431675012e-01
-1.000000000000000000e+00
-2.676329630399442716e-01
-2.180460298515804474e-03
-9.583453809921135269e-01
-3.481681454059808445e-01
-3.972091575200952240e-01
-1.250197317229545524e-02
-1.143271594577769945e-01
8.876546710431914011e-01
4.504845856353715261e-01
-1.358421908208546913e-01
5.938450531250017983e-01
-3.697556043069112897e-01
3.827657391640499340e-01
-8.624112931856986464e-01
-1.519474663163609129e-01
8.265120154525485985e-01
6.999531818552648943e-01
-8.939546458969382936e-03
3.774956803537048433e-01
1.080348319284951120e-01
-5.028931731641972380e-01
-4.638131175399226036e-01
-2.573104246962331157e-02
-1.000000000000000000e+00
-9.021094961122231304e-01
-4.213669543444678589e-01
3.051216008120853362e-01
2.922372180517529561e-02
6.508446709053337109e-01
-5.852855297130554746e-01
-5.115682395374122615e-01
-8.301323388632969591e-01
7.814704897782429605e-01
-2.949383766349420455e-01
7.879604355690328354e-01
-6.435098116558440884e-01
3.407148128854353697e-02
7.420150142744214028e-01
2.091402130257672132e-01
-7.769933129230660596e-01
-8.359387573160206308e-01
5.320637383637579765e-01
8.250001434237459463e-01
-6.232845079667476140e-01
1.617232124395885928e-01
1.127139369359941301e-01
1.000000000000000000e+00
-5.795151754324345816e-01
5.867377419762345170e-01
