4.599999999999999645e+00
4.200000000000000178e+00
8.640000000000000568e+00
6.639999999999999680e+00
1.440000000000000036e+01
1.887999999999999901e+01
2.348000000000000043e+01
2.860000000000000142e+01
2.612000000000000099e+01
4.396000000000000085e+01
4.296000000000000085e+01
5.807999999999999829e+01
6.288000000000000256e+01
6.904000000000000625e+01
7.243999999999999773e+01
7.235999999999999943e+01
7.435999999999999943e+01
7.295999999999999375e+01
7.443999999999999773e+01
7.312000000000000455e+01
7.423999999999999488e+01
