GEN Mean fit Std Best Ave life
0 6.583483 28.953473 91.772379 4.6
1 14.351616 33.624755 88.088012 4.2
2 27.467215 40.078373 92.368891 8.64
3 30.871162 37.159276 90.576119 6.64
4 38.183839 39.863309 92.494055 14.4
5 57.759306 33.504595 91.772379 18.88
6 67.308906 31.925598 91.972379 23.48
7 72.848009 26.443654 91.772379 28.6
8 74.774759 24.919341 92.363558 26.12
9 85.916301 11.886661 91.772379 43.96
10 87.179581 10.005501 92.576119 42.96
11 90.332719 2.272875 92.327 58.08
12 88.774866 11.813413 92.927 62.88
13 90.596327 6.164056 92.927 69.04
14 91.646081 1.043366 92.927 72.44
15 90.356856 9.92799 93.13194 72.36
16 91.807752 0.109697 92.24704 74.36
17 91.667785 0.997969 92.13704 72.96
18 91.814965 0.153315 92.572379 74.44
19 91.50198 2.334532 92.572379 73.12
20 91.798659 0.103871 92.372379 74.24
