2.895347310358319959e+01
3.362475479288882951e+01
4.007837277257960551e+01
3.715927556916022922e+01
3.986330888860908317e+01
3.350459491053777583e+01
3.192559824902516397e+01
2.644365365533990087e+01
2.491934120897369809e+01
1.188666086119537546e+01
1.000550061578621097e+01
2.272874891396289065e+00
1.181341297328701856e+01
6.164055811695194897e+00
1.043365765492239250e+00
9.927989643220406890e+00
1.096971930613804824e-01
9.979687826124653549e-01
1.533150073644262423e-01
2.334532042551864084e+00
1.038710367830409653e-01
