-2.794754554586557083e-01
3.763896000642714679e-01
-7.668718305943760249e-01
-6.379872853159000989e-01
4.498768788137601504e-01
2.646055396728949627e-02
-1.290084266286683490e-01
-6.267197918925956346e-01
1.693283216976753380e-01
-5.572493486504306870e-03
3.898500962061642872e-01
4.926580233992340352e-01
6.550644458682044480e-01
4.412264022507826344e-01
-7.876273693878130810e-01
6.256954603831829109e-01
-1.000000000000000000e+00
4.234790461659987959e-01
7.112050290619679194e-01
-4.557104944722649709e-01
8.333821448260847475e-02
-2.237001088359010792e-01
2.559244187593756048e-01
2.183406770277164788e-01
6.337010162209555375e-03
-5.647567047683033081e-01
-4.700169439111433478e-01
3.896379452795419376e-03
5.921162449564802976e-01
-6.542286779810585484e-02
4.544782547359167424e-01
-3.460656975747639086e-01
8.595464732066375735e-01
8.173072636848033312e-02
2.455268945303219486e-01
8.078284533928292710e-02
-4.645262865816867093e-01
5.361480361511952175e-01
-3.271528478544815655e-01
-4.621699794721610410e-01
2.846377139350768637e-01
3.862582846577343743e-01
-6.603206136685575434e-01
2.018278385028537958e-01
-4.211621836540561659e-01
-1.827457226957491798e-01
-4.170824950833226241e-01
5.415688502209581312e-01
3.922718186565772869e-01
-8.733836521747507797e-01
1.000000000000000000e+00
5.016642912015132350e-01
3.878999223750434489e-02
-4.282989241734782571e-01
5.172109570013818658e-01
7.864689401768959476e-01
1.624333052135145117e-01
-3.214157381602830155e-01
-2.180754450572593428e-01
8.228349636547327428e-01
9.870167150693140434e-02
6.054916683084458073e-01
-1.197604491069590438e-01
-2.791639544856053257e-01
8.970411144842408424e-01
9.422915455326388856e-02
4.768532982513213891e-01
8.583264378749296819e-01
5.470481767125470185e-01
-7.419827617562470001e-01
-1.460907642213562507e-01
4.349834379309176491e-01
-1.000000000000000000e+00
-2.144939607690107275e-01
8.301809285898009705e-02
-7.828056285306845830e-01
-8.193255269545245412e-01
7.737832951109144819e-01
2.325150232458027821e-01
-3.687833244686894996e-01
2.105633490810304154e-01
-2.521745655506940631e-01
1.280017273486252494e-01
9.045692369733746574e-01
5.027368099192797146e-03
9.539373817211309614e-01
9.062645504809675456e-01
-1.489148309857346308e-01
6.759659334709979817e-01
-2.035375956482783633e-01
2.746570905537307761e-01
-1.603593630564468242e-01
-7.521936501700257072e-01
-4.137801000925119821e-01
-7.478303896005566997e-03
8.897110623408601704e-01
7.296576664606733986e-02
6.127834393208994035e-01
6.961393784005307506e-01
-7.492267534852253830e-02
-4.042805469359426196e-01
2.042339204967990596e-01
1.000000000000000000e+00
1.186954536966693396e-01
1.000000000000000000e+00
-2.296077140938476147e-01
-2.952878569893228611e-01
-2.751876698847537384e-01
9.068236108009716800e-02
-4.534747255724059789e-01
-5.140024425634155403e-01
-3.801152094315572993e-01
-2.368722543670598313e-02
-3.296123382174659944e-01
2.960245567539974143e-01
-5.668099854361446921e-01
-7.489854444350922957e-01
-4.462895980725809647e-02
-1.000000000000000000e+00
-2.621382198856019863e-01
-5.409194629046845115e-01
-1.961342754432252034e-02
8.155922166623398306e-01
3.180001026455380186e-01
-4.299303897324754375e-01
-2.504374495214485297e-01
-3.333608271564621195e-02
6.385603079574073138e-02
-8.344928429839496564e-01
7.268932970312078634e-01
4.624508485707944372e-01
-6.040499900753566465e-01
1.087626375391415184e-01
-5.124073146226237885e-01
-1.275103467936360424e-01
4.293870354423518498e-01
-2.905452098263701100e-01
-8.379824261987192102e-01
-4.914393343632793565e-01
-7.478957540378996516e-01
-3.941755147092080858e-01
2.514355891470181348e-01
4.456823909959050645e-01
7.040520938756134051e-01
-1.140302053253006154e-02
5.317461200030626500e-04
-2.886314188259594404e-01
4.585825972195182731e-01
8.142153443618428410e-01
2.838667873562371602e-01
8.645955039445829549e-01
-2.336005281915298215e-01
-8.794222779163867187e-01
-5.446082946687554882e-01
8.632287708633337164e-01
4.347236267302529988e-01
7.800779817778153991e-01
4.407123232518073142e-03
-5.128131438789296226e-02
2.397039563005537444e-01
-1.406932482312845956e-01
-4.067075901198018428e-01
-7.857312419935830183e-01
6.110222990236044982e-01
7.083536131434742256e-01
-4.644819008665174165e-02
-1.798965857170949645e-01
-4.501690864992543561e-01
3.248721784347493036e-01
5.615085891410311891e-01
5.382989605271785161e-01
3.325769222252606960e-01
-9.181357137505680166e-02
-7.182226179986948011e-01
-9.497338622094404492e-01
5.781191685468543007e-01
6.156241119323011546e-01
7.331559145918307152e-01
-6.819290153600965354e-02
-1.496560262299932997e-01
5.559584901334030382e-01
4.510332018015014155e-01
7.020403900070076864e-02
8.967386538868300505e-01
-3.726233838180990077e-01
2.593378286490342077e-01
8.593467103672519647e-02
2.769039493228874216e-01
-7.392090928103274283e-01
-4.472447024152333972e-01
-5.551481952627077554e-01
-1.000000000000000000e+00
8.975324434544362795e-02
-9.578515923875654536e-01
8.483188544583091240e-01
-5.643009286598578145e-01
-5.902330727254300191e-01
-6.399879471947642617e-01
1.364420672725226991e-01
5.911736519143645507e-02
2.302189420889855787e-01
-2.698775480853523590e-01
-3.382582899941346533e-01
-7.987796107346866181e-01
-2.594302116411011383e-01
-4.428499691412222106e-01
7.451519037022960035e-01
-6.318786085341702163e-01
-2.830232906092898792e-01
-3.331407727159791388e-01
-9.385133446342598385e-01
-3.012027002868836734e-01
1.229784447611397546e-01
2.856839698731870048e-01
-3.708326833261481603e-01
-9.652557103613440548e-01
-8.722272020839173523e-01
1.571262391514490764e-01
4.302587566962103871e-01
1.263174639860609183e-01
3.747340114577135117e-01
4.328491804903605855e-02
4.220243877772119068e-01
7.240024322365283815e-01
-8.825430712333783845e-01
-6.311536783735137712e-01
-3.471366214281854101e-01
-4.221917343798935462e-01
8.938199099753139087e-01
-7.886640600674832413e-02
2.386399406958290836e-02
6.111557563034910601e-01
4.188646238148223677e-01
6.337541816595811950e-01
-7.519095429587883128e-01
4.810550987224782027e-01
5.694307786215278000e-01
2.732578832932983648e-01
-3.991721939352422810e-01
-2.211892498677252850e-01
3.320555212681223223e-01
-5.264810958469284818e-01
1.130224559875571688e-01
5.766842474746189384e-02
-7.627549260236466955e-01
5.302782157264851470e-02
6.852247335005580142e-01
-3.205033635727441710e-01
-5.394630480022466479e-01
-2.392540079051939661e-01
4.809133182455265221e-01
-1.984330226523245422e-02
-4.280068533462561553e-01
-3.919018231486309789e-02
-4.303402215193685709e-01
2.303195580406670884e-01
-7.810729218589026468e-01
-7.511585457412159883e-01
8.265001036623297326e-01
9.757680387512401854e-01
2.275821752929763075e-02
1.000000000000000000e+00
4.327656865694810562e-01
1.000000000000000000e+00
4.311281295963890758e-01
