5.677346333071253071e+01
7.477742373192863568e+01
8.699140997390337304e+01
5.677346333071253071e+01
8.719140997390337589e+01
8.719140997390337589e+01
7.500603857269342711e+01
6.577346333071253071e+01
7.461987746310023795e+01
6.588190280195864545e+01
8.719140997390337589e+01
8.619342407327508226e+01
7.478339389891513633e+01
8.739342407327507090e+01
8.454233241211736072e+01
6.573660173740837820e+01
8.664090461150806277e+01
7.485581436587435178e+01
8.719140997390337589e+01
8.525367074233110998e+01
8.701173587691741318e+01
