0.000000000000000000e+00
0.000000000000000000e+00
6.400000000000000133e-01
0.000000000000000000e+00
6.800000000000000488e-01
6.800000000000000488e-01
0.000000000000000000e+00
0.000000000000000000e+00
0.000000000000000000e+00
0.000000000000000000e+00
1.239999999999999991e+00
4.799999999999999822e-01
0.000000000000000000e+00
1.520000000000000018e+00
1.600000000000000033e-01
0.000000000000000000e+00
5.600000000000000533e-01
0.000000000000000000e+00
6.800000000000000488e-01
2.800000000000000266e-01
1.120000000000000107e+00
