8.496398719033081415e-01
1.039906479973998721e+01
2.029235246505699308e+01
1.941166215965491659e+01
2.732583186192889002e+01
2.674768120245053638e+01
2.641324716194219846e+01
2.121341144783922061e+01
2.899921764394196089e+01
3.560436282220671700e+01
4.005466043724813829e+01
4.936744809319609573e+01
5.359876300223354662e+01
5.393227694748183154e+01
5.500586098401760182e+01
5.570468105065543796e+01
5.791756361498605798e+01
5.749503231358483646e+01
5.792208597472685483e+01
5.842369404357740592e+01
5.905229307667614336e+01
