GEN Mean fit Std Best Ave life
0 0.84964 13.132105 56.773463 0.0
1 10.399065 19.075802 74.777424 0.0
2 20.292352 21.817685 86.99141 0.64
3 19.411662 16.107316 56.773463 0.0
4 27.325832 20.57374 87.19141 0.68
5 26.747681 19.192704 87.19141 0.68
6 26.413247 19.942824 75.006039 0.0
7 21.213411 16.179615 65.773463 0.0
8 28.999218 16.361113 74.619877 0.0
9 35.604363 17.675354 65.881903 0.0
10 40.05466 21.573553 87.19141 1.24
11 49.367448 17.053436 86.193424 0.48
12 53.598763 13.663971 74.783394 0.0
13 53.932277 16.833543 87.393424 1.52
14 55.005861 9.167655 84.542332 0.16
15 55.704681 6.346381 65.736602 0.0
16 57.917564 6.605467 86.640905 0.56
17 57.495032 3.04224 74.855814 0.0
18 57.922086 4.692262 87.19141 0.68
19 58.423694 6.282485 85.253671 0.28
20 59.052293 6.836529 87.011736 1.12
