1.313210539117800835e+01
1.907580239390230048e+01
2.181768526342561287e+01
1.610731575100750135e+01
2.057374000925492297e+01
1.919270388023614871e+01
1.994282401691837947e+01
1.617961512978353511e+01
1.636111289785623413e+01
1.767535394414072769e+01
2.157355271942007491e+01
1.705343615961989556e+01
1.366397101927271152e+01
1.683354319860577064e+01
9.167654755435419744e+00
6.346380877624778094e+00
6.605466591445122937e+00
3.042239830562474712e+00
4.692261866025364547e+00
6.282485050677495408e+00
6.836528988934794882e+00
