5.910606284907167218e-01
6.184168595468669816e-01
-8.344217167891126996e-01
-8.396638771457608508e-01
1.802872485543558778e-01
-2.213886255913488366e-01
-2.228776792156952347e-01
-1.978673544132061313e-01
-6.363040838452537207e-01
9.751438459798384972e-01
-1.392768970442185561e-01
-4.045003918804085385e-02
-5.100657108400173945e-01
9.506867677103589820e-01
-3.260606709099778122e-03
1.660545193218734283e-01
7.063491538857782359e-01
-2.062552632716835588e-01
3.807650577540161452e-01
1.000000000000000000e+00
2.961033494726347248e-01
-1.555312764274148218e-01
1.397643628966112328e-01
1.000000000000000000e+00
4.603729289136262448e-01
-2.910387515222956356e-02
-2.468163778341073700e-01
8.625576869941240510e-01
-7.516034682278208701e-01
-6.707069191864861724e-01
4.271010070630054667e-02
-5.341930372135633709e-01
-2.063833582135990996e-01
-5.168428744001615227e-01
9.812496364448708430e-01
5.387547342093718106e-02
5.469722937962945286e-01
8.900066667939907639e-01
-4.530273167853191563e-01
-3.083237342704542305e-01
1.550405159950406231e-02
2.780280792471695461e-01
-7.971335951825436750e-01
-1.921249253005130053e-01
3.844337087381175522e-01
2.086483424444143253e-01
-4.021903048287540638e-01
-1.653301285762067696e-01
-1.000000000000000000e+00
3.324386228206435701e-02
-1.659973843775546798e-01
3.291486963296086365e-01
-5.958699600112534744e-01
-2.263366546289715675e-01
1.000000000000000000e+00
6.538728014853800730e-01
2.462246400309273109e-02
3.528142648165702999e-01
-1.829153209218929432e-01
-1.971067890165321967e-01
-6.511191854912777854e-01
4.623304891557170615e-01
2.055865068955142760e-01
-4.036823059533669045e-01
-2.796359608827970744e-01
3.371309982331395227e-01
-1.956498037057393391e-01
-1.063394245531281423e-01
2.473255714275204298e-01
-6.576425357015474038e-01
-1.236500212529527687e-01
5.181402580327161278e-01
1.000000000000000000e+00
-6.195049519538073368e-02
2.291787657065871842e-01
7.692894343903871057e-01
5.273186025574295721e-01
-7.770681388344296003e-01
2.177952339104058388e-01
3.994533739656035420e-01
-1.980414487144779856e-01
-5.761384591499949526e-01
-3.188386665623805238e-01
5.218122455486440270e-01
-2.538037691974562304e-01
-7.869437170217372657e-01
-4.684424864995553328e-01
3.320630259513476235e-01
-2.374072187962775471e-01
1.012184475639463788e-01
-4.113174821729509434e-02
6.332734521325839028e-01
-2.348215613193395390e-01
8.153152555185627648e-01
9.303256000841432227e-01
8.586659955229186680e-01
2.092685779487434838e-01
-3.729002452687435465e-01
-6.347161003784486111e-01
-2.637122405068465514e-01
-3.058153026888686954e-01
-7.258972357019966015e-02
-7.994642361151061971e-01
7.343274250296143446e-01
4.937225783242069066e-01
3.146367385816134510e-01
8.776791291793730743e-01
-1.587347204826630165e-01
-4.134995174844908750e-01
1.000000000000000000e+00
9.681642385444032550e-01
-1.109328422759423005e-02
5.700561610488188435e-01
9.574507592220704577e-02
-2.601603591777819080e-01
4.353249667583447557e-02
8.630853185320080945e-01
1.000000000000000000e+00
9.516215047865679566e-02
-1.000000000000000000e+00
5.262962157963215759e-01
6.221098428415009485e-01
4.492810698138647862e-01
1.844617038884719395e-01
1.306242585785007959e-01
1.329715828277807654e-01
5.677548516444042015e-02
9.241215765586120734e-02
2.378760130717681165e-01
8.769413403084422853e-01
3.998274449201980052e-01
4.505479404262147797e-02
-1.745908957742803302e-01
6.567698509000656770e-01
3.115878980661506148e-01
-5.874362560106246578e-01
1.000000000000000000e+00
5.241018422611218308e-02
7.504307297255805587e-01
3.196049096903121889e-01
8.116931629801746872e-01
1.887664366762671353e-01
5.959394468619798602e-01
-4.203853756388978291e-01
-1.000000000000000000e+00
5.838226122991585498e-02
-2.112666148311588277e-01
-2.403031468906443313e-01
3.019477546589116601e-02
2.035253278173361213e-01
6.849600766684886821e-01
-8.683506601906140210e-01
-5.705817814335354399e-01
3.581161624263080601e-01
7.890857204969671246e-01
1.030022579639341129e-01
-9.520926934428257660e-01
-9.724303607854650755e-01
8.181021119632592153e-02
-2.318202234548316643e-01
-6.883721010807231089e-01
-4.393016693831158226e-01
-2.396440549759711325e-01
-5.436331522248718517e-01
1.000000000000000000e+00
1.968330689502923447e-01
-2.063763879891866715e-02
-1.469399439050341483e-01
3.193515755212088525e-01
3.594697796839040338e-01
-5.586261177328970540e-01
6.832199240114178451e-02
2.611009782241966448e-01
7.002389264652708611e-01
-4.351374525857798492e-01
3.198504286530837737e-01
3.139161010935247464e-01
-2.631108714576192026e-02
-3.733367372305170795e-01
2.555052811909237498e-01
-3.866670428796488146e-01
-4.485686164208795706e-02
-9.885541846276781897e-01
-1.782250375174410095e-01
-1.000000000000000000e+00
9.720429077233507797e-01
-3.492222700321301332e-02
-1.000000000000000000e+00
-2.282524804665923002e-01
9.715210095901588572e-02
1.000000000000000000e+00
7.205633280729591972e-01
1.000000000000000000e+00
6.676189765447695379e-01
1.555776682892862084e-02
9.330487423706903538e-01
-5.427801654297713663e-01
5.105512587772184085e-01
4.376624219044766839e-02
-8.811346458464518472e-01
-9.420849526776010618e-01
-7.188932169580089515e-02
6.836718975310839275e-01
9.918024361433894764e-01
3.814395157255655588e-01
-8.711100486206990734e-02
-1.895051806589597709e-01
-4.155974870851025793e-02
-3.925358375938529099e-01
3.359376228095218853e-01
-7.225698154202844226e-01
-7.192135903273475517e-01
-9.133828983785589051e-01
1.017722920058276304e-01
-5.656940898230431447e-01
5.823397511509111890e-01
1.000000000000000000e+00
3.044371622815155720e-01
7.348162739484050965e-01
-7.954353021522142519e-02
3.759915297046951821e-01
1.713316152084633504e-01
-2.949922531797982694e-01
1.991990717314663373e-01
8.349123403949293420e-02
-1.172353228221136856e-01
7.562217253549040341e-02
4.226850315663536195e-01
-2.778174181306191648e-01
3.312248892115313703e-01
-6.521287054536972772e-02
-7.800256513326860874e-01
8.656296515583858375e-02
3.312359307381591567e-01
6.382942035687177995e-03
-5.686465692304097930e-01
6.699498242166268547e-02
4.261624648093350065e-01
2.731438173959213622e-01
8.269315437871734842e-01
-1.698718959982090937e-01
5.768395635504752761e-02
5.799928776327445412e-01
-3.229626790096259970e-01
9.978789191681410875e-01
-4.079229710152081911e-01
-4.765071797272432130e-01
8.491087433165043219e-01
4.187086610947385323e-02
-1.785454416518895415e-01
-1.697514489097099455e-01
4.419082360047801306e-01
-1.397224936161789444e-02
4.797950836932171059e-01
3.251051156105109752e-01
9.941595023583792434e-01
8.667697134580287788e-01
-9.779465788936468895e-01
-3.071496435949569448e-01
-7.781165896906021562e-01
-7.538320952001265063e-02
-4.637032774159104420e-01
-4.317912590540786688e-01
9.304853033015191288e-01
1.414093589665542938e-01
