-6.748023411390831061e-01
-8.526622860035857343e-01
-9.234658197329662643e-01
-2.436976782857750712e-01
6.725508302725814458e-01
-6.540168008831518387e-01
8.082933580374487281e-01
1.572137661848120316e-01
-2.615066091027443140e-01
6.163276091155501790e-01
-7.768933684832121656e-02
9.782374806763610708e-01
7.358428827021495922e-01
-3.189242989454431076e-01
-6.586162167259824729e-01
-5.216887436143531342e-01
-3.828614289949880956e-01
-2.356961250969635824e-01
-6.985390041279835316e-01
-5.998376413870233348e-01
-8.110758050340233227e-01
-4.317064372525565852e-01
-8.319371192704261286e-01
-7.510029381526730496e-01
6.240281207675152375e-02
-7.917156711442864259e-01
-9.330702343583396896e-01
-1.397127698645777572e-01
7.826284786556106932e-01
-6.567574224829607621e-01
5.631498548217975797e-01
-5.348240866902217450e-01
5.984527123491129030e-01
4.880120895162436967e-01
2.569941573641634780e-01
-2.946364540280276278e-01
2.938565581545792837e-01
2.814396168860748837e-01
8.419603244219354965e-02
3.189285514742911110e-01
6.287030844795035156e-01
2.704158386914268242e-01
5.225578203109843001e-01
7.605554418370227832e-02
-7.132905894614048892e-01
8.127611495146422893e-01
4.711644769421662327e-01
6.238863317037963707e-01
-3.298637384215226120e-01
2.087267155278155206e-01
1.181479654870939699e-01
1.312398195492257558e-01
-6.908836927056343225e-01
5.083190218161248719e-01
-1.580092542957509637e-03
9.586478396350714415e-02
-7.194621902543243408e-01
-3.434677805270556772e-01
7.023352891393994657e-01
5.096648327114569055e-01
-7.042668830956849702e-01
-6.433829833766918638e-01
-7.780900167606973339e-01
9.641149211889085691e-02
9.334409261622318432e-01
3.772788247469369138e-01
-4.812848255930709529e-01
3.767282136645095508e-02
-2.194343704501227343e-01
-6.593739154470895647e-01
6.075427270963158488e-01
-2.670628439018250550e-03
5.625848169121940544e-03
6.905199183856485234e-01
-5.835288606537262224e-01
-6.582702051819823152e-01
4.077875779977357396e-01
9.564097671182492100e-01
-3.211128988400330925e-02
5.289072025101302366e-01
-7.210145378533086014e-01
-5.412213714255570407e-01
-2.136605599052869009e-01
-2.996752168350501622e-01
-4.224629382118748055e-01
-4.894293586671163432e-01
3.103774384298420563e-01
-3.009365730573595465e-01
4.522225047175448820e-01
2.698066472715586195e-01
-7.782907819045246089e-01
-4.877362671136928340e-01
-6.029754323720138975e-01
-2.932713601092327704e-01
9.459887726061209090e-01
8.440859512205334259e-01
-1.149137598723250497e-01
-7.220588024573398878e-01
8.732565976721128331e-01
-2.554778215978220079e-01
8.452358468646437029e-01
6.738750846608116962e-01
-2.969030678617590180e-01
-9.358124412793418223e-01
-3.112500821577692811e-01
-1.800850141424448214e-02
1.095369629780469228e-01
-2.322059850840783590e-01
6.122641850483168113e-01
-1.043331870130707328e-01
3.480562122544425541e-02
3.136091071240528771e-01
-7.307299316649515930e-01
2.063550482135124986e-01
1.403925908348044038e-01
9.323171022447969136e-01
-3.923649016198509920e-01
6.505333087814129112e-01
8.678845654052950997e-02
3.389868709162681126e-01
-2.626461882871171105e-01
-4.707564949246234587e-01
7.539680806709555538e-01
-8.654652338111386012e-01
4.651972422016775188e-01
-9.057729789590288627e-01
2.805686282141076071e-03
-4.250759957816239165e-01
8.234632476291920966e-01
3.686705989408437523e-01
-3.355099062354106043e-01
-5.504859929071198588e-01
3.932264054405654186e-01
-2.478170077986378006e-01
5.296044228730913961e-01
4.474485446514207543e-01
-2.262415045158744364e-02
-5.638246967730549120e-01
-5.239901642672635251e-01
1.359438449211076150e-01
-7.238795865918674632e-01
1.172579895512526893e-01
-2.719502694871535065e-01
-7.251859578270369866e-01
-5.356289326719589905e-01
6.510756378326291172e-01
-8.722995378399497346e-01
3.673290759089409274e-02
8.620888924376869378e-01
-3.384856215586059536e-01
-5.680739186427312681e-01
2.200319646865421253e-01
-3.388764134887926605e-01
-2.689074403415525616e-02
-1.940009875407829321e-01
1.162506436707063384e-01
8.551896379169816598e-01
4.022429085284263683e-01
-7.090714211607401785e-01
-6.545730828671662005e-01
-9.358638414753411156e-03
5.713037655246901991e-01
-3.450899009641824056e-01
-6.051070864291649420e-02
-5.574473159491157015e-02
9.043827662051190375e-01
-2.636397503271113996e-01
1.591415056311582532e-01
6.796035898108946371e-01
-8.567245414633803957e-01
-1.413911487084766050e-01
-8.870269247235460508e-01
-1.253853739194178418e-01
3.071805270754009998e-01
6.946745630480611888e-01
-2.074111590567183083e-01
9.143787916400687443e-01
-6.795166770021536795e-01
-8.044608015435653625e-01
9.088411528535297323e-01
1.979166733287174851e-01
4.996882809703659389e-01
-5.986046295701689113e-01
6.709427802394530849e-01
-5.720884434946332808e-01
-5.276546358633561473e-01
9.757357259761506585e-01
-5.494500440487579684e-01
-7.526236351962106719e-01
3.953877023583777794e-01
1.027673425470992524e-01
7.535031495665113210e-01
3.919255481343021930e-01
-1.969529472145411034e-02
8.528702301973433153e-01
9.713656035289541801e-01
-6.600261205833303224e-01
-9.754012274377993341e-02
-1.969577291681048892e-01
6.621323769656117797e-01
-5.632200649047301028e-02
2.110783750376857004e-01
-8.410998231368521649e-01
-9.590331902977928813e-01
7.378115226180591568e-01
-7.202612129161279908e-01
-6.092866640510410381e-01
1.249208445125252476e-01
6.504926305721461244e-01
3.424883255438275764e-01
-7.371214190826157475e-01
4.578550077384194172e-01
-4.203825497145243784e-01
-1.131961671813256215e-01
2.210573948874338668e-01
-8.021241954532443152e-01
-6.513915624921590153e-01
-3.933591948297527341e-01
-3.460491240020299730e-01
8.686540912334067555e-01
-2.871841978880689261e-01
-6.856143392457606511e-01
7.308364718514401837e-01
-7.981632061155506941e-01
-3.855285617114199703e-01
-4.367793794856630191e-02
1.682862539651411304e-01
-9.385521973895007974e-01
1.488407248481300738e-02
2.372123958855944792e-01
3.115780110569327244e-01
-1.961043644636673577e-01
-4.195536495585431291e-01
-3.769499198030318299e-01
-7.691237413817979540e-01
1.512555584567537303e-01
-7.707117710341257477e-02
8.077688344047816438e-01
4.903195200446124752e-02
-8.512069261284609389e-01
-5.660996535300910626e-02
-6.326348271897056508e-01
2.267978632078357926e-01
-9.259486126536814465e-01
2.734921691700195057e-01
8.068727126964733154e-01
4.759506617032228104e-01
2.805520477033286442e-01
-1.158561177663445380e-04
6.139699005342729166e-01
2.925207647831178370e-01
-3.332061105218534491e-01
4.237403549079590825e-01
3.452108005998299478e-01
-7.481379402688336233e-01
8.398045962776842233e-01
-1.619016761981392771e-01
-5.255246106530653272e-01
1.235505971684689175e-01
3.583433326654182349e-01
6.031391313024920819e-01
1.764374203840876898e-01
-4.128661908712090711e-01
9.582291366832631496e-01
5.001499116197052341e-01
