1.000000000000000000e+00
-8.907057177826394057e-02
8.006177212833786028e-01
-6.029800385517553735e-02
-6.212774032689205583e-02
6.488989421843683880e-01
-5.413261200587337063e-01
5.642940458892029554e-01
3.932597070306828035e-01
-9.540595470060708738e-01
-3.868923506559916736e-02
-4.054141888991893428e-01
4.102281929713024189e-01
1.907441880280401625e-01
4.255431776648719855e-01
-9.007333377692591236e-01
4.835316152195814343e-01
-3.822344527953836502e-01
2.536502003565045960e-01
2.021216744660860321e-01
-5.350106965493969802e-02
-5.715577090379220238e-02
3.750739152737780358e-01
4.486878362377353935e-01
5.850205895409854584e-01
-6.701818686505317535e-01
-5.668269917967108107e-01
6.490811640957709905e-01
1.756210487985592483e-01
1.000000000000000000e+00
6.593463824336673884e-01
-1.105401052625166886e-01
2.665166706249887940e-01
3.104805104372556634e-01
-1.663089812540257117e-01
6.358247296442596230e-01
-1.000000000000000000e+00
-3.980292548118827267e-01
-3.069028773038025570e-01
1.842701949985934284e-01
-3.588779568004518694e-01
-7.017712788828168735e-01
-2.497587287649760679e-01
-3.329210300402328238e-01
4.598311329028687000e-01
3.073450939394667958e-01
1.000000000000000000e+00
-4.182189937710273919e-01
-1.144654595275311770e-01
9.296477232094656484e-01
-1.336534120256885512e-02
-7.070036722239699811e-01
-8.231936062598864678e-01
3.373437850811720207e-01
3.475168217498465495e-01
6.985003085920027388e-02
5.642728267822326726e-01
9.663138239304405186e-01
-6.574299311055136208e-01
3.462762507994225913e-01
-7.709974913757129400e-01
-3.688472287973000308e-01
1.761406935872230073e-01
-5.834753551699630239e-03
7.246003994018590522e-03
-7.540050547731840247e-01
2.136550555593353384e-01
-4.666239490035145043e-01
-9.659300153053671512e-01
-2.154708180035229681e-01
-3.415639849042206300e-01
-7.396822965942023709e-02
1.043873698507911674e-01
2.635855752863384693e-01
-5.592055660077190904e-01
2.074352704045835105e-01
-9.838969414032072702e-01
-1.003891389128923339e-01
4.284569296771116864e-01
-4.866493560429696608e-02
-3.963187742592061413e-01
1.617689096254013026e-01
3.100810477623594606e-03
1.000000000000000000e+00
1.715680406958056126e-01
3.123922584440117500e-01
-3.602365061808632252e-01
9.834276471696049016e-02
-9.076132160563582518e-02
-6.777645764229064951e-02
-4.444946996886889323e-01
9.732621783383011982e-01
9.944641683257856579e-01
3.571624731903769168e-01
8.877265039974691074e-01
-4.153999111088464424e-01
-1.000000000000000000e+00
-6.792379454987118592e-01
5.068717689100108448e-01
-8.017717941515968560e-02
-9.945595737612884513e-01
4.588736050984061343e-01
-5.755167686043144437e-02
4.727803521973958922e-01
9.630830382637667331e-01
2.910299155832837825e-01
2.089272506514235905e-01
-4.347660254355300569e-01
-5.670460296706320014e-01
-2.474685427875707444e-01
6.442274019268195984e-01
-4.627689951442080507e-01
-2.002937115323391581e-01
4.901892383402761122e-01
6.774046290542389270e-01
-5.426603019999721722e-01
-7.627662939992299052e-01
-2.498497733523949993e-01
1.010489838121030881e-01
2.425311217174217771e-01
-1.932639215740242500e-01
4.742753629654035130e-01
5.141452661799215118e-01
3.830348546229948581e-01
-8.461860090162570680e-02
-9.602746932870587226e-01
1.885816067516218053e-01
3.748374994061960952e-01
-2.774180079195628368e-01
2.762543193636323169e-01
5.999803875432788702e-01
1.807037966621939939e-01
-4.362376164812809543e-01
1.000000000000000000e+00
8.208805777187416775e-02
8.798195984448494711e-01
2.809590241064717775e-01
8.716318394912774270e-01
-1.016988238642655418e-01
-9.411842936510760316e-01
-6.901901680297622965e-01
9.559174629806993506e-02
9.358485345250168452e-02
-6.841532081922889752e-01
5.223025986180780400e-01
-7.855841417590996301e-01
4.215883792125862950e-01
-4.484043500095119539e-01
-8.336605076914949120e-02
6.553066205712984038e-01
-2.993482084532780307e-01
-2.260249706810713299e-01
7.847820579974240651e-01
-2.542641840129859498e-01
6.551027948412917468e-01
3.034909444852179616e-01
-1.963450049947259579e-01
2.969134649564099115e-01
-5.885572846674754777e-01
-7.862723859054943087e-02
-2.055472916637229863e-01
3.607512662402886372e-01
6.127612105855341218e-01
-1.000000000000000000e+00
-3.939178076337039314e-01
-2.334108308687599664e-01
9.271581158593895644e-01
3.430794184420067339e-01
2.771370593134503957e-01
-5.128652409305517468e-01
1.247466571852362538e-02
-2.482624003278432745e-01
-8.018045843734894484e-01
-4.617565431771136208e-01
2.110923251589288119e-01
3.502241186122659888e-01
2.440858963993774999e-02
-1.229090768005967060e-01
-8.846073312164914881e-01
8.532722247089769008e-01
-6.366557649937414354e-01
-8.735023274255792058e-01
-5.713743964543285259e-01
-8.838827007527758628e-01
-4.560580545083597337e-01
4.738266504989665506e-01
4.898513474959151903e-01
1.169217544232928063e-01
-3.637164904825879175e-01
-9.050332132460595647e-01
2.321370372527631343e-01
-2.609611147924714158e-01
3.508986558777134057e-01
1.305591504464737596e-01
-5.381179159525503741e-02
4.102787148920798987e-01
7.353378684276248300e-01
1.119774534627681617e-01
-5.421397896115549564e-01
2.135200206212139185e-01
-1.853872372478491126e-01
-8.738613741638023846e-02
2.469088025078175486e-01
-5.338488128076065431e-01
-2.941306736671177591e-01
-2.662494339826916301e-01
3.133981776135855157e-01
-9.664438556870531549e-01
-4.316408874552454811e-01
-4.051241071921943826e-01
9.206507628699500678e-02
9.898976801613414839e-03
-6.770838396194622799e-01
3.665266176589471181e-01
-3.460429386113816341e-01
-4.148515841270365989e-01
-6.295571884708642818e-01
1.000000000000000000e+00
-1.403341844496277246e-01
6.962074235779336373e-01
8.744111066064195192e-01
-4.122525682825871618e-01
-3.101748809973844390e-01
-7.559548358126266798e-02
-1.000000000000000000e+00
-4.671516742656407484e-01
1.111652495100853288e-01
-3.772600796806572232e-01
8.260011463865710724e-01
1.370353855414091215e-01
-1.000000000000000000e+00
3.382581897269446580e-01
-6.911284179421511853e-02
-7.436044043488797550e-01
-4.029253321834930790e-01
-8.248780188425326454e-01
1.066413585175275403e-01
4.874513158953819314e-01
2.283767428324098292e-01
4.269356198651418910e-01
2.439819465060466541e-02
9.667106900836770489e-01
-7.805150014057582464e-02
-7.058798327453532639e-01
-1.000000000000000000e+00
2.223431363416951134e-01
5.012874142059056126e-01
-4.468922755026394356e-01
-1.538998944505933775e-01
8.598800106651623143e-02
-2.205203370303279731e-02
-7.078688311037484304e-01
-4.638426793662105418e-01
7.933121479906374285e-02
4.930498820936053406e-01
-1.000000000000000000e+00
-5.915239209613623594e-02
5.047866151085615705e-02
-6.747494811518770508e-01
8.496248196423781263e-01
-8.012950928917293991e-01
-4.202869346150681779e-02
-5.719290090011345251e-01
7.983474456238734973e-01
1.271597755425732945e-01
