9.177237888630936880e+01
9.177237888630936880e+01
9.177237888630936880e+01
9.232700044143624041e+01
9.177237888630936880e+01
9.197237888630935743e+01
9.258272016318507269e+01
9.249405452609941847e+01
9.257611947915371786e+01
9.252482618476616949e+01
9.252482618476616949e+01
9.257611947915371786e+01
9.252482618476616949e+01
9.257611947915371786e+01
9.253109579777975569e+01
9.257611947915371786e+01
9.257611947915371786e+01
9.257611947915371786e+01
9.252482618476616949e+01
9.252482618476616949e+01
9.120956741322126504e+01
