4.280000000000000249e+00
6.679999999999999716e+00
1.059999999999999964e+01
1.732000000000000028e+01
2.667999999999999972e+01
2.639999999999999858e+01
3.532000000000000028e+01
3.356000000000000227e+01
3.767999999999999972e+01
3.456000000000000227e+01
3.500000000000000000e+01
3.496000000000000085e+01
3.220000000000000284e+01
3.307999999999999829e+01
3.552000000000000313e+01
3.400000000000000000e+01
3.739999999999999858e+01
3.656000000000000227e+01
3.135999999999999943e+01
3.139999999999999858e+01
3.264000000000000057e+01
