GEN Mean fit Std Best Ave life
0 8.90023 28.290777 91.772379 4.28
1 20.939231 36.669153 91.772379 6.68
2 41.974956 39.634486 91.772379 10.6
3 55.026307 37.367956 92.327 17.32
4 69.009075 32.056506 91.772379 26.68
5 79.305014 19.683933 91.972379 26.4
6 84.590743 12.822413 92.58272 35.32
7 84.937129 11.646566 92.494055 33.56
8 88.479345 1.731153 92.576119 37.68
9 86.163713 9.412241 92.524826 34.56
10 87.867848 3.425325 92.524826 35.0
11 88.252738 1.404743 92.576119 34.96
12 86.347652 11.905555 92.524826 32.2
13 88.055351 0.970976 92.576119 33.08
14 88.297648 1.239208 92.531096 35.52
15 87.952785 2.322163 92.576119 34.0
16 88.516509 1.541612 92.576119 37.4
17 88.398986 1.490579 92.576119 36.56
18 87.69286 2.011453 92.524826 31.36
19 87.880455 0.695315 92.524826 31.4
20 88.035853 0.724926 91.209567 32.64
