2.829077664380270107e+01
3.666915332606106404e+01
3.963448563266628355e+01
3.736795628874713060e+01
3.205650642211752199e+01
1.968393306583154612e+01
1.282241257185051708e+01
1.164656640744505367e+01
1.731152572348161556e+00
9.412240539214451474e+00
3.425325217436859138e+00
1.404742629199513537e+00
1.190555537963491517e+01
9.709762115388078652e-01
1.239208443121015302e+00
2.322162690572838972e+00
1.541612231857372395e+00
1.490578570069446940e+00
2.011452516793263978e+00
6.953153005255366947e-01
7.249260250138835904e-01
