2.758225064403829752e-02
1.000000000000000000e+00
-1.856951254468972023e-01
-3.503139548055139163e-01
5.562839437531275077e-01
8.661077679650919237e-02
-9.398518231532499989e-01
-2.766470456840026682e-01
-8.934289888208851727e-01
-1.498664631812769710e-01
-9.205915186905505587e-01
-5.761023407586057798e-01
7.664510679016094397e-01
-5.901783474293501586e-01
-8.943320987502256791e-01
3.951705500197719712e-01
1.000000000000000000e+00
3.728659605046223957e-01
1.537459603881781156e-01
2.882158347918872821e-02
-2.663710808659702223e-01
3.501553287139715920e-01
-9.376231853374119574e-01
2.568176845869813985e-01
5.630223211936199457e-01
-8.520182479886195814e-01
1.411032542844321558e-01
5.475887126562990065e-02
3.849383861634314563e-02
-1.000000000000000000e+00
-7.552818245279473430e-01
1.597722235585589678e-01
4.825132933457852991e-01
-3.509588468893449775e-01
-9.187306946940134722e-01
-2.298828665209887157e-01
-4.005724081604163378e-01
-1.000000000000000000e+00
-7.032152215835710818e-01
2.396119921670118447e-01
3.544372097927876997e-01
-5.731466791611226075e-01
-4.180157944563311911e-02
9.533253754024828552e-02
2.349092810071143900e-01
-3.001437600351762880e-01
5.434200467726519879e-01
-3.632484300355669493e-01
-3.203413607706848132e-01
-6.104117201981769103e-01
-6.888031378760000045e-01
1.160855900451104872e-01
2.032028056541896055e-01
9.579249870208139672e-01
-4.104600411690992878e-01
2.294125240724451675e-01
3.225067006641131329e-01
5.895230564753123348e-01
-2.282442548151353279e-02
-8.737481874166324047e-01
-2.345615182384672148e-01
-5.992760897408330734e-02
1.000000000000000000e+00
9.163289708477906359e-01
-8.723721338485634913e-01
-1.000000000000000000e+00
-5.698537205464451194e-01
-3.256279178787252482e-02
5.652941216366960120e-01
-8.713335147383851620e-01
9.509627288851151272e-01
-4.550051037898940609e-01
-9.662012129796581084e-01
6.189323412718983342e-02
8.090095920679241104e-01
-2.682618163224134711e-01
-2.025388466675281940e-02
-6.213944381914024984e-01
5.017969335902578987e-01
1.177627433419013714e-01
-9.262214894942402132e-01
-9.331370865184386298e-01
-3.826036411710991292e-01
7.518723698860054760e-01
8.807082465632622981e-01
1.000000000000000000e+00
-1.454716011661366382e-01
8.809556302774110836e-01
-4.961587228016300921e-01
2.505245046898134098e-01
-3.227921267365252422e-02
-4.374118844226237424e-01
-9.098206921685719761e-02
-3.517577168034818902e-01
9.273223611745591288e-01
-9.820587131642898315e-01
-6.471297600172729036e-02
-2.901288237262656944e-01
5.381250787644628053e-01
6.606439939022362706e-02
-3.671049925587165363e-01
-5.673356311992836520e-01
7.907283093909381333e-03
1.000000000000000000e+00
-8.549632920228149580e-01
-5.806727338420721862e-01
2.607251330970216663e-01
3.494974858816560781e-01
1.722347001698153468e-01
-1.000000000000000000e+00
-1.000000000000000000e+00
8.627021123694926796e-01
4.142497047409871014e-01
1.650772676887707902e-01
-1.951635891160641567e-01
-3.024079435098075974e-01
2.769302259359308627e-01
1.761442917602177305e-01
-3.236071629124837035e-01
1.000000000000000000e+00
-1.000000000000000000e+00
-7.643600215989899693e-01
-4.548716060684169782e-01
7.199476920863721874e-02
-7.641421244870959528e-01
-8.575152252491241578e-01
-1.000000000000000000e+00
-2.061077943359735654e-01
4.706983173862780978e-01
3.802012175882474310e-02
2.496105475229699056e-01
5.414146859895506703e-01
6.714382966501205585e-01
4.279018907776471203e-01
-3.592246990834377374e-01
4.185956630042619309e-01
4.571600892789018378e-02
7.863202548128389591e-01
4.625445962751550955e-01
2.793447606343544276e-01
-4.992541654153597741e-01
-2.308574591548429034e-01
8.025099082819866503e-01
-8.426073467677792639e-01
8.557150485918442462e-02
5.132198631442589365e-01
-1.139878485019712312e-04
-1.478527355827568002e-01
-4.623843892758444096e-01
5.253978213799113117e-01
-3.824300143935651097e-01
3.393958901090179392e-01
-4.451333341613464833e-01
7.953492353752338317e-01
1.649092183157985780e-01
9.388282305831887609e-01
-1.000000000000000000e+00
4.882418953453177557e-01
5.863195155131251113e-02
-1.000000000000000000e+00
2.871081911264882769e-01
1.534939273671220572e-01
-4.949041098073240774e-01
9.280438410364668655e-01
-8.461262546128411888e-02
-7.450621440846076915e-01
-8.245414046539888409e-01
2.450165882009538998e-01
-6.648773011646298414e-01
4.756972231928863204e-01
-1.908552590408262306e-01
1.617600337486254092e-01
6.073726248266678174e-02
-8.105833811092484353e-01
5.928147898911961811e-02
3.862213460509593133e-01
-3.704170991220493425e-01
7.140937553015951345e-01
-2.567679901591798930e-01
6.315380553632929383e-02
5.354567880793094092e-01
2.038487434291708089e-01
2.106005401666100618e-01
-7.783915825036918923e-01
4.277851582189211577e-01
-3.570634298094751413e-01
4.533665708713633391e-01
-7.476526240900192022e-01
8.631164382419340697e-01
-6.342644837408540903e-01
3.938333875302768572e-01
-1.676496425525849376e-01
6.352072635875183337e-01
-5.647761981447712021e-01
-1.822827739889561482e-01
-6.192101915209424767e-02
-1.842018819640944827e-02
-4.773073913281053460e-01
8.595301299893656211e-01
2.726022059833542455e-02
3.037494189150002910e-02
-1.077177106529208506e-01
1.656154418138183759e-01
-3.733569783569081757e-01
1.000000000000000000e+00
3.920759284728640437e-01
-1.112233946861374001e-02
9.585931835900900477e-01
-7.993408518375391125e-01
-1.000000000000000000e+00
-9.972472258604880846e-01
-1.990050483133787018e-01
2.936640005156190281e-01
5.179409791159013121e-01
6.391806212958403011e-01
1.949512849680510307e-01
-9.428086925256078388e-01
8.167756842997038191e-01
6.070808252072920075e-01
4.570985478952603875e-01
-2.372521947899051686e-01
-3.663432890178840440e-01
9.575542263785707942e-01
7.822428955918014903e-01
-1.000000000000000000e+00
1.226153056983051853e-01
2.996595791826341393e-01
-3.544534132276979665e-01
-1.057958043364563561e-01
-1.699084259524133445e-01
-8.609472570145758619e-01
4.796221414947778872e-01
2.145928648903072389e-01
5.496776812761494657e-01
-7.028642461476497516e-01
-8.396962281839528419e-01
-9.710920186119984532e-01
-7.074198289349907798e-01
6.532155133113330958e-01
1.876648477268586523e-01
-5.625972967046127815e-01
-8.792617164512752659e-01
1.451372832849330274e-01
-6.735024394369388823e-01
2.958758983325073810e-01
-1.000000000000000000e+00
-1.318301038760400778e-01
-7.294739423200380379e-02
2.315428757920464098e-01
7.881849216956030579e-01
-6.486138406092262221e-01
-7.609977436552322061e-01
1.672313250256380890e-01
8.531979581860972273e-01
7.884028477802249024e-02
-1.000000000000000000e+00
-7.555933697791656911e-01
-1.000000000000000000e+00
1.000000000000000000e+00
1.964147974710581945e-01
8.329272842423611489e-02
-4.415423151878984931e-01
-2.885233944667918715e-01
2.981683934325835561e-01
3.887328029381282302e-01
