1.218439815733405318e+01
1.655838453560967594e+01
1.119263902484443207e+01
1.815759523311616874e+01
1.796127795219875267e+01
1.611602187609538817e+01
9.378402007004885022e+00
1.507727979772187510e+01
1.312165923960339597e+01
1.419491798972355845e+01
1.436231929112814676e+01
1.733343025976454044e+01
1.937910675534137184e+01
2.028035936849572352e+01
1.835443525170046897e+01
1.849331306726996615e+01
1.214867001995632734e+01
7.667032649753340756e+00
1.044892300662210083e+01
9.486953484217032440e+00
6.890533277786533795e+00
