-5.646217746742766552e-01
-2.810651510957351551e-01
4.527600802243149647e-01
6.184444708181754957e-02
-3.626404983319996278e-01
-3.485751621684210488e-02
-2.260808043670052281e-01
5.842402459285930272e-01
5.714093308348213718e-01
-1.000000000000000000e+00
1.065667866514591333e-02
1.000000000000000000e+00
-7.150931831922381354e-01
4.834876928828813480e-01
7.572550456021890364e-01
-4.102733927565382910e-01
1.619311941397506838e-02
-8.127929847200018876e-02
-4.515347101523712325e-01
-1.000000000000000000e+00
-4.085186509427966017e-01
-8.743277228705421678e-01
-1.473124740073620820e-01
-2.499939579748763907e-02
8.049451878435245344e-01
7.107388743699700751e-01
4.404153242883565023e-01
-2.068720931724722933e-01
-2.723117237930772205e-01
-4.370508458179833688e-02
1.716984636176227541e-03
-5.041074526382558485e-01
4.695778262963740124e-01
3.215804227873724219e-01
-1.000000000000000000e+00
-9.550767096227988917e-01
-7.485103893187067259e-01
-6.058134803367932752e-01
7.023448694312095508e-01
-6.837065065389726914e-01
-3.661864489287648960e-01
-5.591019474233590580e-01
-1.000000000000000000e+00
7.199318551560462964e-02
-3.868337928177047469e-01
-6.476594670379309804e-03
-3.914180130084599085e-02
3.894905936677651170e-01
-7.718515854214579308e-01
-1.000000000000000000e+00
-3.195839335889483213e-01
5.902985326242976560e-01
1.000000000000000000e+00
-7.916893070195307747e-01
8.423228741723838287e-01
5.365088676206766216e-01
-3.044260535508781507e-01
3.125056415558601364e-01
-2.973888859102029047e-01
-3.713432809958060465e-01
2.467296869332019082e-01
-9.619230212338769626e-01
3.314297543040755634e-01
-4.726223592382000627e-01
-8.076232531649285562e-02
3.664324558830609480e-01
-6.533392263722271887e-01
3.042040323699354287e-01
-2.552407449377890325e-01
-1.007703307132902237e-01
1.797016460722057063e-01
-5.830103919296685255e-01
-2.655090556175885297e-01
-8.418751992914164095e-01
1.000000000000000000e+00
3.477626008051519779e-01
-1.918854107170139822e-01
-2.043911183213820704e-01
6.784226076257340310e-01
-5.504970943621744217e-01
-9.223059574857359610e-01
-2.679769590399286305e-01
-1.000000000000000000e+00
9.708062387374951641e-01
3.281558286149121595e-01
-1.611891421001802327e-01
1.000000000000000000e+00
-8.852080695217544315e-02
7.149344037860427825e-01
-5.022469942743398863e-02
2.909685275383444569e-01
1.558000191678128865e-01
-7.061019143107200025e-02
-4.381464927028578399e-02
-4.127708210564635660e-01
-7.872669963748936128e-01
6.947742335950497505e-01
-4.057346289724675925e-01
1.000000000000000000e+00
1.000000000000000000e+00
1.526675695538863009e-01
4.006921867374756419e-01
-3.579237982675435026e-01
-5.808642462471536039e-02
-3.616388406414580703e-01
2.658893300866699283e-01
7.411872738215907752e-01
-6.936015905377224122e-01
2.686195486958969925e-01
-4.817551271787238742e-01
-2.990370808102943423e-01
-6.121957387588639055e-03
-1.000000000000000000e+00
8.504956731223345390e-01
3.978993237135297623e-01
-6.651751336378197710e-02
3.255186966293942552e-01
8.123448455545360103e-01
1.411499229601128058e-01
-7.748829064495448282e-01
-1.825926435431293182e-01
-1.301767823900733534e-01
5.598957551114868147e-01
1.430746808412523552e-01
-7.423069811335565316e-01
-9.743272739128802651e-02
-5.249182155785427906e-01
-2.898630537416166386e-01
-1.000000000000000000e+00
-7.023038571186825951e-01
8.935825248992130820e-01
-7.089635799681359707e-02
1.368608867247327332e-01
3.204744411160199702e-01
-1.719758795081442748e-01
-7.916403149991317889e-01
4.946941402523989950e-01
-2.896796492380993016e-01
-4.909794228982817810e-01
-2.231822964439633683e-01
3.763653639265490680e-01
-7.311742437260138061e-01
6.683044408523162172e-01
1.000000000000000000e+00
9.017136882922200947e-01
-9.017044258098636522e-01
9.804027464113909129e-01
3.307200646078262141e-01
-1.006864979860548903e-01
4.582750749427784709e-01
7.357960770744615964e-01
8.175011962991223236e-01
-9.089466491971707196e-01
3.923226922911303705e-01
9.084460079571615720e-02
2.331098654788921754e-01
4.658654877345916323e-01
-2.382725171306785961e-01
1.000000000000000000e+00
-1.000000000000000000e+00
-1.170344843049935246e-01
2.223744217370982046e-01
-8.389997697418969391e-01
6.273573315242780835e-03
-4.525051522683407601e-01
8.621947567194161444e-01
2.041173096848682700e-01
-1.000000000000000000e+00
-4.952324064542583115e-01
-8.687914206074932588e-01
-2.295746823336902720e-01
2.602250936470300591e-01
6.420549068518258684e-01
-7.852864934385128670e-01
-5.086661014883798737e-01
2.260675087907950132e-01
-4.465316148209385050e-01
-1.000000000000000000e+00
2.720973124800393217e-01
6.052728474997870478e-01
6.530221521759966841e-01
-8.513271257635357525e-01
-1.933070541812488830e-01
4.602161100366041757e-01
-1.568802710116707910e-01
1.014911691592612630e-01
-1.000000000000000000e+00
8.962113789922057094e-01
-5.482354426030994210e-02
-5.901774929177476814e-01
4.706211277557555972e-01
-5.909375307731721261e-01
-7.979212532562843796e-01
5.398629905791593186e-01
6.528913414269532645e-01
1.288948545843358051e-01
-2.301812956842999025e-01
3.719186322073457229e-01
4.936658000460472651e-01
-6.049270823397179253e-01
5.043015443246657847e-01
4.759583319947324753e-02
-1.002630254784070973e-01
4.306206104699985548e-01
1.000000000000000000e+00
2.444993550054687104e-01
-6.290146760932145975e-01
-4.335098715294700145e-01
5.573836990900176147e-01
5.410628201955094418e-01
-2.205363771064894896e-01
3.512426560710378842e-01
8.593112298143863459e-01
-5.325456465234704173e-02
9.804960659003456036e-02
-4.648435150137314453e-02
1.719502116327284447e-01
-1.282239159845750820e-02
7.927439646912629589e-01
3.658934835898933757e-01
8.632873655836075244e-01
1.000000000000000000e+00
1.000000000000000000e+00
2.626881596969076749e-01
5.541734968657538452e-02
1.000000000000000000e+00
-1.058642776862249724e-01
-2.333280476974137485e-01
2.137982089959979126e-01
-9.829284551413186577e-03
-9.377156241138369097e-01
-2.446664986105401285e-01
1.606899763493848943e-01
6.324773538161609920e-01
-3.311231515018052685e-01
-4.576718680726419297e-01
-5.444658033309146550e-01
4.013930568561844825e-01
5.933083404116930026e-01
4.478191946578711224e-01
-2.241177269842744568e-01
-3.452754566996422136e-01
-3.361528126066422595e-01
7.507576010721490611e-01
7.244282842881231144e-01
2.368273566763534344e-01
2.850985215955252894e-01
-2.875434171888491264e-02
-1.000000000000000000e+00
8.373087651466144532e-01
5.349707248088517719e-01
1.000000000000000000e+00
-6.332411147152887665e-01
4.366079942667536740e-01
-7.719268794043490645e-02
5.402138858753318118e-01
1.369513195949842999e-01
-1.000000000000000000e+00
-1.000000000000000000e+00
1.000000000000000000e+00
1.971455716026267735e-01
-1.000000000000000000e+00
6.489406960493232512e-01
6.730516694418584578e-01
7.940155227222553957e-01
