3.060183729848225198e+01
3.060183729848225198e+01
4.831982739098292257e+01
5.746661051127247788e+01
5.754896154643429895e+01
4.850283177470680585e+01
4.849466846406764375e+01
2.181261419415923797e+01
1.300956741322126398e+01
3.020394224923462900e+01
3.055326262833369100e+01
3.052772932632852587e+01
1.301639337829166543e+01
2.176889138314541583e+01
1.300956741322126398e+01
1.300956741322126398e+01
1.300956741322126398e+01
3.939788117912030430e+01
3.020394224923463256e+01
1.300956741322126398e+01
2.172700044143625320e+01
