-3.060775834800396833e+00
2.985718660331749597e+00
9.096562740762445642e+00
1.640362466631822969e+01
1.539143084486247481e+01
1.398389732280373288e+01
1.492709265976322897e+01
1.335599158710216727e+01
1.300956741322126398e+01
1.335471848797395999e+01
1.353082706919208889e+01
1.388124809405709570e+01
1.300984045182407911e+01
1.335853370970870380e+01
1.300956741322126398e+01
1.300956741322126398e+01
1.300956741322126398e+01
1.387586663610106896e+01
1.351821210890059355e+01
1.300956741322126398e+01
1.318391607378556252e+01
