GEN Mean fit Std Best Ave life
0 -3.060776 7.670762 30.601837 0.0
1 2.985719 10.213561 30.601837 0.0
2 9.096563 12.018342 48.319827 0.0
3 16.403625 11.972195 57.466611 0.0
4 15.391431 9.417358 57.548962 0.0
5 13.983897 7.012994 48.502832 0.0
6 14.927093 6.40823 48.494668 0.0
7 13.355992 1.697364 21.812614 0.0
8 13.009567 0.0 13.009567 0.0
9 13.354718 2.407048 30.203942 0.0
10 13.530827 2.707551 30.553263 0.0
11 13.881248 3.147342 30.527729 0.0
12 13.00984 0.001338 13.016393 0.0
13 13.358534 1.7089 21.768891 0.0
14 13.009567 0.0 13.009567 0.0
15 13.009567 0.0 13.009567 0.0
16 13.009567 0.0 13.009567 0.0
17 13.875867 4.348174 39.397881 0.0
18 13.518212 2.647916 30.203942 0.0
19 13.009567 0.0 13.009567 0.0
20 13.183916 1.220441 21.727 0.0
