7.670762194051659932e+00
1.021356135852795788e+01
1.201834204461243871e+01
1.197219502942170877e+01
9.417357591542478090e+00
7.012994250002327234e+00
6.408229544540468225e+00
1.697364012772983655e+00
0.000000000000000000e+00
2.407048210380475783e+00
2.707550891147573857e+00
3.147341534325509116e+00
1.337610513963568898e-03
1.708899741740391498e+00
0.000000000000000000e+00
0.000000000000000000e+00
0.000000000000000000e+00
4.348173818263636470e+00
2.647915750930470047e+00
0.000000000000000000e+00
1.220440623950098447e+00
