6.572335651065836259e+01
5.677346333071253071e+01
5.677346333071253071e+01
8.701173587691741318e+01
7.486011544777375093e+01
8.764090461150806277e+01
7.476363040979629204e+01
7.477940982990025987e+01
8.374233241211736356e+01
8.423879267830493234e+01
7.485153170408234757e+01
8.481173587691741034e+01
6.577742373192863568e+01
7.477346333071253071e+01
6.577940982990025987e+01
7.478539190157781036e+01
8.454233241211736072e+01
8.841585110906251543e+01
6.576558927428162349e+01
8.504302101441444961e+01
7.476363040979629204e+01
