2.993445396583975793e-01
9.817360763433664594e-01
9.206830714096283508e-01
5.493359181497127208e-01
-4.145319300348007108e-01
-3.852829818094793968e-02
-3.383353609921843086e-01
3.347105797712877640e-01
8.385593818776380104e-01
-1.292966195903178517e-01
-6.943049639679523821e-01
-8.356123771677348433e-01
8.363693345637229770e-01
8.706945257409581806e-01
-4.704816999427702956e-02
-5.675991735443314257e-01
-3.125408727454651592e-01
-4.919882098392536207e-01
-1.000000000000000000e+00
-3.915567187125446047e-01
2.994442836944477548e-02
3.954616613810553738e-01
-3.193410316962034257e-01
-5.330612198796070844e-01
-1.000000000000000000e+00
-1.000000000000000000e+00
7.847695147935556115e-01
1.563577841514567357e-01
-1.227632244192062849e-01
-8.331826718435916823e-02
-1.790459192041043424e-01
7.062338616847955164e-01
3.086524635745857559e-01
4.221267483029425005e-01
-7.739872294973427769e-01
-7.826702089591913714e-02
-5.863738082075341529e-01
5.579174581215169404e-01
1.148407235615200028e-01
-3.040219065653048669e-01
-8.966897126487116676e-01
-6.280373425407886900e-01
-4.523467246456901458e-01
-4.400284225884965039e-01
1.081245709997417509e-01
1.322176778094858174e-01
-1.101892085846074010e-01
5.473931981033299810e-01
1.794609191083040844e-01
5.023640467030299206e-02
-2.672122277758526843e-01
3.743455206031071625e-01
-3.355669525499369032e-01
2.751316929307829895e-01
5.812125833610700676e-01
-1.354446917393462846e-01
6.200732577559492364e-01
1.366816435919545603e-01
-5.477953330996832015e-01
-7.125681071391665178e-01
-5.483072143581790847e-02
-4.762646067297311436e-01
-4.512944957674736024e-01
-1.000000000000000000e+00
-7.550054170009729004e-01
-2.914204872954890280e-01
6.246171589796607471e-01
5.007464080348806856e-01
4.393803154845946635e-01
-5.022009104455560369e-02
8.884425619171476551e-02
1.489890064486056320e-01
-3.300343272015479057e-01
8.186979231188791506e-02
1.205559770500316541e-01
-6.181512929923180799e-01
8.556114903750910994e-01
-1.037201112411503673e-01
-2.174941136489194349e-01
-3.096292614349270278e-01
-2.557869192780048984e-02
3.534113894681484846e-01
-3.775452086250372652e-01
3.227491393945168263e-01
-1.000000000000000000e+00
-3.893985875671028829e-01
-7.104276531334483558e-01
-4.398260044122078161e-01
1.642853034970555015e-01
-1.645191367608522803e-01
-7.255897136958300297e-02
-6.970132727600956146e-01
-6.861543073644084112e-01
9.511632386112892634e-01
-1.000000000000000000e+00
2.699681237480489049e-02
-5.177237696579202186e-01
-3.434540394636852456e-01
4.638798527197054433e-01
5.427396578631323854e-01
-3.312729152597888582e-01
-3.893290847576865721e-01
1.360921872155771983e-01
-6.685136833360529052e-02
5.624573618378737594e-01
7.067318180184293253e-01
2.408642408770492738e-01
6.467870816906760023e-01
1.785660769669388526e-01
4.996363399020102569e-02
-4.221594240943439547e-02
-1.000000000000000000e+00
4.503946977678920383e-01
-1.046221505604937041e-01
-1.128308440713499117e-01
9.827659847426523099e-01
7.822521477866662964e-01
8.904881783824916130e-01
-7.463134689915204012e-01
-4.185876704566759976e-01
-2.235593944964315571e-01
-2.760427859065610057e-01
1.000000000000000000e+00
1.650183487827782403e-01
-8.720153356623749907e-01
2.404150181840249978e-01
1.000000000000000000e+00
3.657659378418032237e-01
-3.666905424118596102e-01
-8.232642724613846719e-01
2.804145457338367287e-01
-3.157769095841004847e-01
-3.804468578933729028e-01
3.368793847177764533e-01
-3.896776940018960023e-01
-2.851314839325449491e-01
-4.311632582269874225e-01
-1.574372740306913820e-01
-1.657840955046100406e-01
4.345727792809293000e-01
9.362626196946902679e-01
5.348655227404474077e-01
7.737890029225185096e-01
3.571721242602724500e-01
1.544729090653547132e-01
5.183815923246742896e-01
-1.268519347601531067e-01
5.682242000529689196e-01
-6.690557750620836075e-02
-6.888616730530700005e-01
1.175475896694681416e-01
-3.459939190526342134e-01
8.299152753003820326e-02
-1.830389120737615505e-01
-3.642452983092844820e-01
-1.000000000000000000e+00
3.202107805923672390e-01
5.097331774334846743e-01
-1.636798434417953141e-01
-2.718445127025871655e-02
-9.642885776166121303e-02
-5.754221959203297682e-02
1.322041040124284916e-01
-6.208724508073586446e-01
1.000000000000000000e+00
5.106544759557581914e-01
-5.227314777398819334e-01
2.371296758976855767e-01
7.573891324817845216e-01
4.104198454621819647e-01
-3.030008978495808414e-01
-4.335713681053333102e-01
3.263210325809843826e-01
-1.825733058822723298e-01
8.357558338489887717e-01
-8.115913291581253741e-01
-9.520578191431050552e-02
-1.203167505385769331e-01
-6.135938375794087740e-01
-3.056884418770866030e-01
8.282990846771630666e-01
-8.201436680348973551e-01
7.574562104704916088e-01
-9.853267798328481097e-01
2.930457446368146535e-01
4.619278765898716110e-01
5.422430432304055081e-01
-8.113950307541011320e-01
-2.863227588316620831e-01
-5.406459423547117504e-01
-8.317305462017443585e-01
5.993016970944828881e-01
-4.620178772892942209e-01
-3.038121959422868112e-01
-5.651961817326115467e-01
-1.000000000000000000e+00
-9.584635102247214267e-01
5.026516303059707091e-01
4.821882845674589912e-01
-5.259196236759875465e-01
8.483366827528269205e-01
3.138034191342512491e-01
9.341045264146067284e-01
2.583029300523909666e-01
7.899026542925613459e-02
5.848470614726981598e-01
7.740448717606909224e-01
4.938525928992765213e-01
6.523904453400822812e-01
1.000000000000000000e+00
8.030237501097416963e-01
-1.123676645377713612e-01
8.545296442431146167e-01
6.692791593343938583e-01
9.583942795309045026e-01
-8.459670336535013435e-01
7.548712006316969925e-01
-5.151835810976083951e-02
3.152817286543486142e-01
-1.298989005084626169e-01
4.734594933408868278e-01
-1.000000000000000000e+00
3.056595024895922830e-01
2.756381975937274853e-01
2.087862410630125787e-01
-3.227803234385185904e-01
-9.630353451927510244e-01
4.162594738689237017e-01
5.328510863572174516e-01
2.268267859525430197e-01
-2.250119924651980963e-01
1.047040124062373623e-01
1.000000000000000000e+00
1.590550576178083875e-01
-8.867686369286178483e-01
8.014922167638640627e-01
4.314455915352530258e-01
7.541155897867009017e-01
2.862373913368749800e-01
-6.803081324761611759e-02
4.265890600441846203e-02
-7.744012194142262384e-01
-8.542031132040792674e-01
3.118767570683347312e-01
-1.000000000000000000e+00
-4.050936947033534907e-01
-2.581348126832359036e-01
4.180122723557413988e-01
2.777118298223244519e-01
-9.254307888689415895e-01
-5.859178228312151848e-01
-7.386207438110026224e-01
7.262743382118654889e-01
7.685427956430272989e-01
-7.115189643649135753e-01
5.800338132155753723e-02
-3.397589421349830330e-01
4.169061857520295344e-02
6.784996259877342784e-01
7.230774124865203545e-01
-7.852412616314310423e-01
6.749471713730917921e-01
8.866918929332168187e-03
-1.522615338985533473e-02
-3.198732073401757692e-01
