0.000000000000000000e+00
0.000000000000000000e+00
0.000000000000000000e+00
6.400000000000000133e-01
0.000000000000000000e+00
1.120000000000000107e+00
0.000000000000000000e+00
0.000000000000000000e+00
0.000000000000000000e+00
8.000000000000000167e-02
0.000000000000000000e+00
2.000000000000000111e-01
0.000000000000000000e+00
0.000000000000000000e+00
0.000000000000000000e+00
0.000000000000000000e+00
1.600000000000000033e-01
9.200000000000000400e-01
0.000000000000000000e+00
2.399999999999999911e-01
0.000000000000000000e+00
