GEN Mean fit Std Best Ave life
0 -1.54711 10.889943 65.723357 0.0
1 1.814215 13.126577 56.773463 0.0
2 9.782849 16.175246 56.773463 0.0
3 21.466296 20.758658 87.011736 0.64
4 27.804058 21.509197 74.860115 0.0
5 40.606754 21.997067 87.640905 1.12
6 42.785366 17.172231 74.76363 0.0
7 48.435321 15.03813 74.77941 0.0
8 50.572061 14.160405 83.742332 0.0
9 55.556506 8.938233 84.238793 0.08
10 58.037035 7.206804 74.851532 0.0
11 58.440759 7.952455 84.811736 0.2
12 56.957849 4.879158 65.777424 0.0
13 58.028527 5.091185 74.773463 0.0
14 57.314311 2.132951 65.77941 0.0
15 57.854099 3.87908 74.785392 0.0
16 56.976851 6.870755 84.542332 0.16
17 57.406272 4.42994 88.415851 0.92
18 57.132569 1.759252 65.765589 0.0
19 58.0593 4.908013 85.043021 0.24
20 57.495186 3.037563 74.76363 0.0
