1.088994256313185005e+01
1.312657657242309028e+01
1.617524584100136309e+01
2.075865836900408112e+01
2.150919654503113776e+01
2.199706663909683968e+01
1.717223110515925555e+01
1.503812964039744848e+01
1.416040503205108436e+01
8.938232973945854809e+00
7.206804373390160556e+00
7.952455399447463158e+00
4.879158031592072398e+00
5.091185374505472261e+00
2.132951161737560497e+00
3.879080429223441318e+00
6.870754763368512208e+00
4.429939938543784095e+00
1.759251822365613060e+00
4.908013420950600114e+00
3.037562608599526648e+00
