3.957946500072772267e+01
3.051106227384331859e+01
3.014492807779756944e+01
3.014492807779756944e+01
4.744464310818933939e+01
4.839788117912029008e+01
4.842405089685368580e+01
4.842405089685368580e+01
4.842405089685368580e+01
3.953616819497437973e+01
4.823480889721516007e+01
3.944317193830047330e+01
3.944317193830047330e+01
4.833357331188756234e+01
4.942528902149661718e+01
4.942528902149661718e+01
5.658818173229010995e+01
5.658818173229010995e+01
5.731982739098292257e+01
4.837237888630935601e+01
4.837237888630935601e+01
