-9.489239713549727506e-01
-1.287107316841378024e+00
6.477726753890494793e-01
1.448607481300660527e-01
-7.769516970152743340e-01
1.199525453610195358e+00
9.000983848807757592e-01
-5.616432101732654614e-01
-7.324671765691129766e-01
9.108258319681197812e-02
4.924063742374720221e-01
2.382519873747405814e+00
-1.342102936760789234e-01
-8.943763235992827632e-01
-4.331847624119675166e-01
-1.071361082429632017e+00
2.237138300048697737e+00
-2.450257209054381158e-01
1.141231566872126013e+00
2.672614009276205183e-01
-5.177583827491964996e-01
-1.316694156461749587e+00
-2.815921016144555811e-01
1.539840443371315315e+00
9.151442713597190970e-04
3.292185894414447755e-01
3.463625128792084951e-01
1.586794803879436833e+00
6.115529451315472320e-01
-8.685463090001617203e-01
1.246805680608352729e-01
9.821347212201867460e-01
6.856160860614105013e-02
-8.545615443855690829e-01
-2.961983488954822996e-01
6.647268330408449000e-01
-2.900632909709853768e-01
-1.139227747124506074e+01
1.313143661488725300e+00
4.563935491577281178e-01
-1.730686995348865165e-02
2.045653544067217167e-01
6.613826704240169940e-01
1.719437174994248529e+00
3.286116097673553726e-01
-4.652481696159176394e-01
1.121786643803956096e+00
2.608433084465481278e-01
4.104983358407227056e-02
-7.511723847843578827e-01
1.428643586252495989e+00
1.845778744206638400e-01
4.578431928863978539e-01
6.719308410876120297e-01
-4.318480472696266670e-01
1.067041536563394732e+00
1.255782337301677876e+00
-7.095079302369220464e-01
3.386502227303240797e-01
-5.567181107174156152e-01
-8.593342351549704272e-01
-6.333700230429190059e-02
-4.189405197301042383e-02
4.202157516646504165e-01
8.993553496309004691e-01
2.541620919159663927e-01
-1.155900548740277811e+00
4.551474825791935186e-01
-2.803132927053881840e-01
4.554948091230346940e-01
-2.758891071739446033e-01
-7.973231622482654379e-02
-3.417638329782977102e-01
6.121133941363160469e-01
3.930016926558530521e-01
1.575893942416786153e-01
-9.154851392554004264e-01
5.223673791776221181e-02
1.135046830263537254e+00
1.231383972871779031e-01
1.635111198015478939e-01
-5.207044082528342610e-01
-6.475653251737871485e-02
8.028771313633151219e-02
-5.031809357571012109e-01
-2.133419385813787872e-01
5.159647515194433209e-01
3.499409396735288502e-01
9.369455050178437938e-01
7.168623632764086206e-01
9.219814449126938483e-01
5.127263577609485479e-01
2.893745889741045074e-01
1.205196841351305448e+00
-5.009825846805429084e-01
-3.541051613650081364e-01
3.499196965735652531e-01
-1.729107209380862931e-01
4.084330197537953122e-01
3.195407013870026347e-01
-4.912923721530574883e-01
-1.624018590558881314e+00
8.325548483734956928e-04
4.079505628314694654e+00
1.516035326960098739e-01
6.475248429437790998e-01
5.887643213412681042e-01
1.660492801272226426e-01
-3.635985374988924268e-01
-5.372216414713912869e-01
-3.814448689733934694e-01
-1.950809762752019616e-01
4.200921220654947885e-01
-1.233848656971200608e+00
-5.934866350603710261e-01
-6.480349606861723899e+00
8.362473529848477583e-01
-1.212554344098542014e+00
8.199198061374864954e-01
-6.888930983486580839e-01
-2.231465821474912126e+00
-1.882069262933649956e-01
1.275734650078193422e+00
2.958677844383379441e-01
-1.173299304426536516e+00
4.038126907653377673e-01
1.054086254644219123e+00
-3.033854109209412342e-01
2.310542086787840677e-01
2.073175680160263212e+00
-4.846106843255043373e+00
1.023354964829868763e+00
5.233628937814900350e-01
-2.990533428199499411e-01
-4.616276187121364227e-01
3.390475677794907994e-01
-4.742897853501585326e-01
4.840145388452278263e-01
-2.407845889910562864e-01
-1.610094551533142460e-01
1.688845982833492521e+00
1.610077649165447267e-01
-5.250348674047944364e-03
2.082307962268964641e+00
-1.829161297149574317e+00
2.469166240885617147e-01
-6.598272000477374277e-01
1.277632920999626887e+00
-7.902838230711123346e-01
-5.820125145958778390e+00
3.106817789385239781e+00
8.811607872994958734e-02
8.551484528809419894e-01
-4.565506867603425611e+00
4.384181288076001159e-01
1.074328248638056094e+00
9.746085410761375911e-01
4.705227758791420689e-02
-1.121012223674425989e+00
-1.834593299054256166e+00
5.584718918839731705e-01
6.744494446834254919e-01
-2.099247321150545242e-01
4.913114726523358788e-01
7.767381109613543666e-01
-4.509233086075304264e+00
-3.690647028673214591e-01
-2.356383444817141681e-01
-2.820050950975196979e-01
-1.089458924254210759e-01
4.598675074232643212e-01
9.728716462854429814e-01
1.123023628013737785e+00
1.564408918452657726e+00
-2.767594636759739685e-02
-9.056534524688897303e-01
-1.138058817934889611e+00
-1.004111077889872528e+00
-1.765259442347684171e-01
3.277305596538126475e-01
-2.347020188968868215e+00
-7.323984398748308866e-01
4.664964884798962139e-03
1.152390621703307083e+00
5.916109250144651055e-01
1.435824054263768135e+00
1.954815979705967766e-01
-8.798489510761561272e-01
7.765579295279434469e-01
-2.179777759257897074e-01
4.056743670839290106e-01
8.341548232367042015e-01
-2.329286253381377403e+00
-4.798786839516211988e-01
-1.961159854842052797e-01
8.881756366819033577e-01
-2.040673080835976982e+00
8.227563517377345370e-01
-3.250534539231146880e-01
1.529243701428849855e-01
-1.288173233749098368e-01
1.161167480938826435e-01
6.514101656487184533e-01
-1.298610487611251196e+00
7.903453106962943231e-03
5.002945289079613334e-01
-1.055191350777921366e+00
6.184304986201005772e-02
7.782282780199213379e-01
9.381564979966963702e-02
-8.975763779053269609e-02
1.046359470086191401e-01
-1.231738615085292476e+00
1.161568396763187766e-01
2.691357774773642797e-01
-8.320850465263013307e-02
-6.130344445006523646e-01
-8.830493406948659585e-01
7.445377050354426984e-01
-2.662838477816598104e-02
-1.442651960027491881e-02
-7.040975537795134132e-02
6.996554666428844715e-01
7.650573748016626929e-01
-2.060280680690783850e+00
-1.380946510428737284e+00
5.822899924284479223e-01
1.325120708661524094e-01
2.770225311460839279e+00
1.446818819148245616e-01
-6.420762568678665128e-01
7.123418238011340886e-01
-3.677371571879248791e-01
-2.850285172438953019e-02
-5.896163841023313035e-01
-4.016197122926449259e-01
3.041152393205861504e-01
-3.346564483279397262e-01
2.217757492112565343e-01
6.307844851560749921e-01
-3.500158877151747228e-01
-1.775489140889205064e+00
9.593247535419170413e-01
-1.393637327960635108e-01
2.965608046298078282e-01
-7.002588483100161132e-02
-8.164843239317356449e-01
-5.301807361173224709e-02
-2.597474781384873088e-01
-1.380394270541409174e+00
-1.154469969100396121e+00
-8.770500852301530426e-01
-7.392901864893084429e-01
2.169167983583157877e+00
2.545543723650773860e-01
3.486826624413642550e-01
6.072625962137942479e-02
4.478519534762880894e-01
-4.466497344684489113e-02
1.301986031680264222e-01
-8.516138534452629694e-01
-2.313876319807184778e+00
1.841698847916603432e+00
1.304310356403915572e+00
1.403826534656774205e+00
