
GEN Mean fit Std Best Ave life
0 -5.415161 0.371736 -5.043425
1 -5.300127 0.256701 -5.043425
2 -5.043425 0.0 -5.043425
3 -5.043425 0.0 -5.043425
4 -5.043425 0.0 -5.043425
5 -5.043425 0.0 -5.043425
6 -5.043425 0.0 -5.043425
7 -5.043425 0.0 -5.043425
8 -5.043425 0.0 -5.043425
9 -5.043425 0.0 -5.043425
10 -5.043425 0.0 -5.043425
11 -5.043425 0.0 -5.043425
12 -5.043425 0.0 -5.043425
13 -5.043425 0.0 -5.043425
14 -5.043425 0.0 -5.043425
15 -5.043425 0.0 -5.043425
16 -5.043425 0.0 -5.043425
17 -5.043425 0.0 -5.043425
18 -5.043425 0.0 -5.043425
19 -5.043425 0.0 -5.043425
20 -5.043425 0.0 -5.043425
GEN Mean fit Std Best Ave life
0 -4.159625 7.003455 39.579465
1 1.383756 9.700181 30.511062
2 6.61349 9.651671 30.144928
3 9.710702 8.051087 30.144928
4 11.880714 7.393925 47.444643
5 17.924409 10.267399 48.397881
6 21.299079 12.542589 48.424051
7 21.126252 10.795681 48.424051
8 18.553296 8.586288 48.424051
9 15.40411 6.926191 39.536168
10 18.444377 8.405201 48.234809
11 19.251478 8.758417 39.443172
12 17.877614 8.042543 39.443172
13 22.379346 9.07774 48.333573
14 25.438085 10.797778 49.425289
15 28.501358 13.337061 49.425289
16 24.613808 12.126992 56.588182
17 21.573572 9.49621 56.588182
18 20.848537 12.41178 57.319827
19 20.909047 10.174125 48.372379
20 20.720629 10.353892 48.372379