7.003455129613645802e+00
9.700181352751256370e+00
9.651670932846444728e+00
8.051087377714276627e+00
7.393924899995666600e+00
1.026739852608034376e+01
1.254258852666884039e+01
1.079568107695909696e+01
8.586288171386891932e+00
6.926191398847453051e+00
8.405201180787996051e+00
8.758417244597012541e+00
8.042542777819638999e+00
9.077739818081296264e+00
1.079777812124935998e+01
1.333706132620879536e+01
1.212699194336563480e+01
9.496210382415279483e+00
1.241178004035433347e+01
1.017412489705765211e+01
1.035389227025474845e+01
