8.941842342303836233e-01
3.340325311971584776e-01
-4.380998542043396116e-01
5.057730301626834901e-01
1.537187735727815641e+00
-2.524362575418054866e-01
-8.972630772907879138e-01
1.855837763669225593e+00
4.145235034871069812e-01
1.183190374578737103e+00
-1.673612134098962700e+00
-4.572657643872033578e-02
1.109111045459318712e+00
1.155068677550832312e+00
-1.530410495690959771e-01
-6.462404717346432736e-01
-5.885157797267386304e-01
-1.101958682788901633e-01
-8.265158658155080662e-01
6.015404566966693345e-01
9.940975001666279010e-01
-4.925221761003276133e-01
-6.198781733454977738e-03
4.078029303677154216e-01
-2.150388273953309226e-01
-1.554635478004735560e-01
-9.823520238044970709e-02
1.866944758060685272e+00
1.264628371228315729e-01
4.167384147254179494e-01
-1.235092096503733972e+00
5.024825418351126505e-01
1.647411527685352706e+00
-1.245278842996057483e-01
1.142791353328847404e+00
1.901628486154066211e+00
6.425194851248258732e-02
8.232793998365002253e-01
-7.157134548767314364e-01
5.756225958585416830e-02
2.436519536297934718e-01
9.321555630106882484e-01
-3.682572470857270464e+00
-1.450798541980848677e+00
-7.021371882438790513e-01
-8.256831885472336596e-01
1.051343034397315135e-01
-1.691122293114495578e+00
5.262622825145086836e-01
6.372768523147240849e-01
1.106424329494656522e+00
1.128887424259250732e-01
-1.045408387123072796e-01
-1.093776361271685094e+00
-2.251913449458967931e-01
1.574657984783427445e-01
1.552315632966880576e+00
2.335364146716014666e-01
-8.205908791167070282e-01
2.598139997010863733e-01
-7.442553413192389833e+00
1.511011472477468420e-01
-2.072610230906005435e-01
-8.749916340408138149e-01
-2.874677786371465094e-01
-1.048630978196762209e+00
5.604203448096541917e-01
-6.172765648434692665e-01
-4.889793935098194488e-01
-7.197382934771113794e-01
-5.560460148872468089e-01
3.030068933661713704e+00
-3.599813013781857585e+00
7.345244179524443862e-01
1.051662678620859243e-01
6.461642424274757213e-01
4.282955565564359190e-01
7.370263741383888956e-01
-5.480219178601055674e-01
-5.631276026741561802e-01
4.711094952811110126e-01
-2.263941683026746698e-01
1.549954740422021082e+00
1.044027748866272809e+00
-2.637613071594683500e+00
4.131472989289488029e-01
5.439855185919590524e-02
2.896316511653411752e-01
-3.649916720629131639e-01
-1.536858157213610854e+00
2.949249228383477028e-01
-8.786441653790403317e-01
-2.765178388911695984e-01
-9.785753732823436746e-01
-2.146573664275861937e+00
2.906699132759935189e+00
-3.485838866002243658e-02
5.728764507495640146e+00
4.612803650156232504e-01
1.262917880793481995e+00
3.511019737599158086e-01
1.160876191567506766e+00
-1.388266409162904336e-01
8.695859958831596570e-01
-1.115667411172904133e+00
5.814252901130005924e-01
-1.848909462238629731e+00
3.914547771962637590e+00
-5.417072432199497856e-01
9.208459536106583521e-02
-1.326172655509652243e+00
1.209043148599556972e+00
3.218957797695735090e-01
7.753401608393190036e-02
-5.835242834934111222e-01
-2.861718174716604279e-01
3.272825930515522730e-01
-4.780751342211469468e-01
1.924720743640068732e-01
-1.697471778033585732e+00
2.823406885640577513e-01
1.235847995182850073e-01
-2.354214625388936222e-01
1.005471188164489771e+00
2.119531229697927177e+00
-1.372830390768479791e+00
-7.984387649362844064e-01
1.420441093235690899e-01
-8.924646691807048837e-01
-2.903527204583465915e-01
7.242155900406226365e-01
-5.426799902922679886e-01
3.489781438686023196e-01
4.126157685828600208e+00
4.102876062943279778e-01
-3.103581277633162341e-02
1.343892330112446687e-01
1.068430861143601973e+00
1.777799400766264526e+00
-3.965411978472391796e-01
-6.822073432249896596e-01
-5.244665161004535836e-01
1.323344366639096936e+00
-1.012624360264006373e+00
1.173285483983031341e+00
4.170713791979642204e-01
1.547915290222207085e-01
-3.173999701369531135e+00
7.649476398109502639e-01
1.617096992516526610e+00
-3.226602516632400830e-01
-5.245506293075875348e+00
4.195480287859075785e-01
-1.472461508145421316e+00
1.052140011241855300e+00
-1.725833804338798405e+00
-1.832683154878595178e-01
-3.425246551620853008e-01
5.417789015495226568e-02
7.611806931954029354e-02
-2.613826901096438782e-01
4.933546386136355988e-01
-2.147982035761489161e+00
-1.433131496799362026e+00
-1.799199506257748382e+00
-1.127493458619812650e+00
5.694490234307048038e-02
6.212752316772478522e-01
-5.480021381964655935e-01
-5.269236109426175263e-01
2.132563418597617222e+00
8.676874821624108725e-01
-3.441233549123931534e-01
-8.898853365083361222e-01
1.145395039399414783e+00
-6.582393876864159887e-01
-8.038496610395509112e-01
4.174711972741622090e-01
7.656049413911631962e-01
-3.311788041218113876e-01
2.023109865532920493e-01
-2.261507533889528521e-02
3.409532364946930016e-01
2.148041261090419263e-01
1.982204851356549558e+00
4.970054385222043014e-01
3.461915605621853492e-02
8.868695903948483616e-01
6.761897186974328289e-01
4.859010157565600285e-01
9.093808959097391398e-01
2.909281878856385950e-02
-5.392964438343297862e-02
-1.281407276921484817e+00
-5.015839417570036041e-01
-1.247443970042214856e+00
3.794283901254590918e-01
6.943445301380517520e-01
-3.273903331821433338e-01
-3.301502541451223127e+00
2.684019719679390237e-01
-9.043359164781605841e-01
-1.166942378698021310e+00
7.090217558589141378e-01
8.625869673675742866e-02
-6.205340760418176504e-03
-8.236782789889725009e-01
-4.460616348385673113e+00
2.963201379742876340e-01
-1.096898173294303280e+00
-5.190388031976150840e-01
-1.901144093569272497e-01
-6.649146268990580033e-01
1.666766008211714611e+00
8.896810721528092269e-02
-1.265056309736024787e+00
-5.894790757339739562e-01
-5.097142555926308383e-01
7.205172057688679077e-01
1.036341079057131465e+00
-5.585915090069089040e-01
-1.815870746424773863e+00
-7.643631093522367248e-01
1.573884619340693902e+00
-1.191346243738327981e+00
-2.920429650198403948e-01
-6.511626216614065932e-01
7.326915791947841150e-01
5.041264582758251400e-01
1.309207988630234798e+00
-1.212789664507856746e-01
-1.390376964389381964e+00
-1.306499114569433573e+00
3.987962881092108058e-01
-2.935508596654543001e-01
-7.363911904662974461e-02
-4.223498527728735130e-01
-5.632782682736160451e-01
2.530229067845212731e-01
-9.240801111246723654e-01
-1.028571727166132543e+00
-2.095244243182539101e+00
-1.549754933712840899e+00
2.980232956729860772e-01
3.069929414361275977e-01
-7.194826016275184255e-01
-6.500795786851317759e-01
1.049828462162036180e+00
3.346047505477610096e-01
2.193466018896770287e-01
-7.675732320728784197e-01
4.713192469616381830e-01
-8.948046150962476464e-01
-4.309776880746387651e-01
1.645017827106777464e+00
8.629056334536627793e-01
2.072574470978377215e-01
-2.756347077104429388e+00
5.274864459670164374e-01
-1.123459236136144623e+00
3.682525760505886980e-01
-4.347146230638078146e-01
-3.051880324342595707e-01
8.911852938327505802e-01
3.531920806143395430e-01
