2.152353644806849076e+01
3.030626786119729843e+01
2.169669509194092427e+01
4.847057091248856864e+01
4.852353644806848365e+01
4.852353644806848365e+01
4.852353644806848365e+01
4.852353644806848365e+01
5.721310261863330027e+01
5.721310261863330027e+01
4.827968822339259702e+01
4.829955642660931403e+01
4.837237888630936311e+01
4.837598249381265703e+01
4.837598249381265703e+01
4.837598249381265703e+01
4.837598249381267124e+01
4.824425778641307971e+01
4.841275134159975835e+01
5.741275134159975835e+01
5.741275134159975835e+01
