GEN Mean fit Std Best Ave life
0 -1.680843 4.102982 2.422139GEN Mean fit Std Best Ave life
0 -5.841081 0.045023 -5.796058
1 -5.796058 0.0 -5.796058GEN Mean fit Std Best Ave life
0 40.866993 46.660007 87.527
1 -5.793014 0.0 -5.793014GEN Mean fit Std Best Ave life
0 7.710059 13.506116 21.216175
1 -1.31835 4.477708 3.159358GEN Mean fit Std Best Ave life
0 41.065471 46.861529 87.927
1 3.360021 9.146918 12.506939GEN Mean fit Std Best Ave life
0 -5.844594 0.060768 -5.783825
1 -5.783825 0.0 -5.783825GEN Mean fit Std Best Ave life
0 11.574383 17.878832 29.453215
1 -6.050253 0.254196 -5.796058GEN Mean fit Std Best Ave life
0 21.14793 26.943987 48.091917
1 21.14793 26.943987 48.091917GEN Mean fit Std Best Ave life
0 72.571588 15.355413 87.927
GEN Mean fit Std Best Ave life
0 -5.841081 0.045023 -5.796058
GEN Mean fit Std Best Ave life
0 -5.376392 0.434749 -4.941642
1 -4.941642 0.0 -4.941642
GEN Mean fit Std Best Ave life
0 16.786316 22.67242 39.458736
1 -1.326144 4.551592 3.225448
GEN Mean fit Std Best Ave life
0 48.571588 36.355413 84.927
1 86.327 1.2 87.527
2 87.94969 0.022689 87.972379
3 88.932203 1.005202 89.937405
4 89.937405 0.0 89.937405
5 89.937405 0.0 89.937405
6 89.937405 0.0 89.937405
7 89.937405 0.0 89.937405
8 89.937405 0.0 89.937405
9 89.937405 0.0 89.937405
10 89.937405 0.0 89.937405
11 89.937405 0.0 89.937405
12 89.937405 0.0 89.937405
13 89.937405 0.0 89.937405
14 89.937405 0.0 89.937405
15 89.937405 0.0 89.937405
GEN Mean fit Std Best Ave life
0 12.203942 18.0 30.203942
1 12.210059 17.993884 30.203942
2 12.210059 17.993884 30.203942
3 30.203942 0.0 30.203942
4 30.203942 0.0 30.203942
5 30.203942 0.0 30.203942
6 30.203942 0.0 30.203942
7 30.203942 0.0 30.203942
8 30.203942 0.0 30.203942
9 30.203942 0.0 30.203942
10 30.203942 0.0 30.203942
11 30.203942 0.0 30.203942
12 30.203942 0.0 30.203942
13 30.203942 0.0 30.203942
14 30.203942 0.0 30.203942
15 30.203942 0.0 30.203942
16 30.203942 0.0 30.203942
17 30.203942 0.0 30.203942
18 30.203942 0.0 30.203942
19 30.203942 0.0 30.203942
20 30.203942 0.0 30.203942
GEN Mean fit Std Best Ave life
0 -2.96773 6.762033 21.523536
1 2.156843 10.116203 30.306268
2 4.918697 9.982837 21.696695
3 13.344413 8.71154 48.470571
4 16.290744 9.189401 48.523536
5 18.580103 11.744507 48.523536
6 19.472052 12.822951 48.523536
7 20.874042 14.232304 48.523536
8 22.699606 14.510151 57.213103
9 20.941492 13.129592 57.213103
10 18.258064 10.588415 48.279688
11 21.423417 12.831857 48.299556
12 19.988953 10.382385 48.372379
13 20.690915 11.465572 48.375982
14 20.182192 11.353424 48.375982
15 22.282555 11.18375 48.375982
16 20.911031 11.989234 48.375982
17 19.319735 9.68744 48.244258
18 20.1821 11.341909 48.412751
19 21.604626 11.755166 57.412751
20 26.88562 11.467284 57.412751