6.762032670294352066e+00
1.011620307289231313e+01
9.982837269738118025e+00
8.711540140402117771e+00
9.189401436539450074e+00
1.174450682751780839e+01
1.282295124606448766e+01
1.423230444367131753e+01
1.451015083934376726e+01
1.312959179905589480e+01
1.058841503810283946e+01
1.283185719138522529e+01
1.038238480593923541e+01
1.146557156902355601e+01
1.135342401510620647e+01
1.118375042925343088e+01
1.198923424383422365e+01
9.687440037420957495e+00
1.134190897111131768e+01
1.175516647167821560e+01
1.146728448234512854e+01
