3.038608451132829846e-01
-5.504826400403518560e-01
3.268086415201135964e+00
3.938524726261257713e-01
7.101953040213726531e-02
-1.840133101268436044e-01
7.117490644086807428e-02
-4.801614172215860066e-01
-1.116421283595800062e+00
3.302683145401319464e-01
-2.373294481673201561e-01
4.246134408332971066e-01
4.364159510958578458e-01
-1.973210214580788380e-01
-1.031989080266501602e-01
-1.112832537218049422e+00
-3.491956759116255360e-01
-4.163659148274545529e-03
-1.097123367928451859e-01
4.780119437557774908e-01
-4.724365634717042628e-01
-2.351852305761278628e-01
2.602643012679674683e+00
5.801915756312661099e-01
1.096875766913883998e+00
2.013498007624427710e-01
-8.264943171841128144e-01
-1.426057386474280375e-01
2.262553351474805297e-01
4.537186163077519541e-02
1.934511154720702564e+00
-7.896307642542145233e-01
-1.613058060910103952e+00
4.066220131840538876e-01
3.981778150861169929e-01
5.298524477831174639e-01
5.263635536925092007e-01
-3.139357677041303835e-02
7.689532749467085093e-01
-6.562934633306165555e-01
8.209960279840843311e-01
9.158827783576487525e-01
3.252352603112909635e-01
-7.929240166921290578e-02
4.434645453610701615e-01
2.568583869265805286e-01
1.200431619404664252e+00
2.860197730447330056e+00
3.142576574750143958e+00
5.747364699740071803e-01
9.544178165897281296e-01
1.213848044165535711e+00
7.273586185036947649e-01
1.242190334831195543e-02
-6.948964313006117735e-03
2.736465540596786927e-01
1.324361123712392355e-02
-9.743784887608379908e-01
-1.675076358798881060e+00
-3.317290344809161184e-01
8.620461224669943689e+00
-8.100296122970287449e-01
-5.371223461277716549e-01
-1.524654624215670551e-01
7.037115939755822502e-01
-3.446226158124726102e-01
-6.187042178793267233e-01
7.512252780855396272e-01
8.340918365211971164e-01
-9.703123173392195211e-01
6.997492556509020689e-01
-1.280133797363656845e+00
-1.089175251370629594e-01
-2.071279049917296611e+00
6.662037063577352924e-01
-1.199416407198302448e+00
1.327404739413011070e+00
-5.970519060976728909e-01
1.346496955087421732e-01
-1.037537462045665215e+00
1.279258640024784732e+00
-7.194316505047912980e-01
-1.733310396803037445e+00
7.170174078033950682e-01
-1.185231543543038502e+00
-4.296310431742307312e-01
2.550578179099037168e+00
-1.405067937700770486e-01
1.539724349868539566e+00
-2.677781718708245329e+00
-9.209662296311131868e-01
3.258549429494269623e-01
-4.563106246456604675e-01
-1.862762357598146679e-01
1.528098084510177285e-02
-2.261429835756015583e-01
-4.577182681199871706e-01
1.050143367906684944e+00
1.058032737715930871e+00
-4.568087191280260084e-01
4.217023295415043838e-01
3.981363314998750402e-01
-6.605269163096902929e-01
-5.326514146418294127e-01
2.772800032824580097e+00
1.310495758658382970e+00
-5.407464252952730588e-01
-2.811928465962745260e+00
-2.195303789039674269e-01
-3.074166842050425341e-01
4.444797958162700624e+00
-7.895198313824156044e-02
-3.282740627715787229e-01
2.969092981561209932e+00
-2.680530915595518149e-01
-7.793888887045125058e-01
-1.161842991294557370e+00
1.036003854800548879e-01
-6.437161544283569459e-01
4.741269162730853970e-01
-1.968700940483082418e-01
7.236576471644893260e-01
2.961642292833484569e-01
-8.270468080879077311e-02
-4.949186806141219197e-01
-5.178111416477950701e-01
-6.702397456538033982e-02
-4.638947612651498353e-01
-2.299351144904506317e+00
-1.877997930251137149e+00
1.049042034655632213e-02
3.589753500906940342e-01
1.154203337409269281e+00
-6.518954060641278525e-02
1.344054075726533737e-01
-4.384662510055790663e-01
3.254556639611739799e-01
7.593977423642029878e-01
3.443636736247345009e+00
-2.239181703815273927e+00
1.623176966971820789e+00
5.758761570163267035e-02
6.471772201596346363e-01
6.841172566522008003e-02
4.750052636048448518e-01
-1.786857716964355802e+00
-2.638778953189813148e-01
-4.045278100564378421e-02
1.152321499216062417e+00
1.102237666324600990e-01
-1.511038251687819800e+00
1.098743884599168164e+00
-2.735902460632138600e-01
1.701118765174314262e-01
-1.229441829340720327e+00
-5.493911600510828497e-02
-5.070911248396822169e-01
-7.227855302490526768e-01
-2.619918322555070400e-01
2.966767397675582063e-01
-1.331799960900105440e+00
3.451046438524248972e-01
-8.479873091336378454e-01
4.055616681553136926e-02
-6.892065484561802347e-01
-6.171328718438831018e-01
1.935696281167917088e-01
-1.090668141294220295e+00
-7.662334752937528803e-02
1.773623906229250813e-01
2.477236070359831177e-01
-2.561139690653324030e-01
-1.421675893732400997e+00
9.077241853842957786e-01
-2.595294052463351098e-01
6.009949207745257649e-01
3.322956926586363435e-01
1.707182425102649059e-01
3.421695090889120827e-01
1.139533457741509270e+00
3.786229038962274362e-01
-5.886389533175487992e-02
3.958829442091953421e-01
-2.997148147696312992e-01
3.033846229575686504e+00
4.833904069231267364e-01
4.932361642150389636e-01
2.389844169402342844e-01
4.200459398151531465e-01
-7.162066904455063887e-02
-1.356716826563824085e+00
1.295021075493773210e+00
6.868078144670060059e-01
1.040954237863313203e+00
4.511009131535186345e-01
1.439430483666177540e+00
6.294359837487444320e-01
-2.519889951930337713e+00
2.956137903084290475e-01
-5.935389741123695551e-01
-2.267250890469004521e+00
2.115455184280675471e+00
3.555876945375939790e-01
-1.503903322821795729e+00
6.721421883759969518e+00
-8.443682955157699732e-02
-5.878757135321829308e-01
-1.272684617234927984e+00
1.677189650641366381e-01
1.341233535399611876e+00
-1.328084920568945337e+00
-1.443443477732782032e+00
-1.028649583639313844e-02
1.740494632486413007e+00
-2.832453496090811540e-01
-3.023551686340243405e-01
2.090910670972423446e-02
4.834179031573387908e-02
1.243693086571591166e-01
8.912163297261654904e-01
-3.126951816006446894e-01
4.909366827268117350e-01
-7.092313852604135160e-01
5.390918011425827050e-01
6.712189364737976005e-01
-1.141324900410998655e+00
-1.417315429931714221e-01
-8.168240229397683017e-01
2.100785605734811767e+00
-7.884394071380302904e-01
5.100092651663482579e-01
-2.285655338334213305e+00
1.443402975660947662e+00
-1.431552405398262451e+00
7.252783640377298280e-01
5.524019261701611505e-01
-4.946118834420425991e-01
-1.098718956045530715e-01
2.172186647235370693e-01
-3.095674192520511125e-01
-2.948193561922383688e-01
-3.674424307264894107e-01
2.451015971439496344e-01
5.748172781881411453e+00
8.789149864973380688e-02
-3.162596152834222241e-01
1.564727927791415674e+00
-6.562610832598148036e-01
6.717874912270801468e-01
1.989638156918144274e-01
-3.074079463297718640e-01
-1.385883754454975580e+00
-2.071051001087221621e+00
6.768021832572160834e-01
-3.838813497346698078e-01
-4.890020385188423857e-01
8.842884810411741903e-01
-1.662145746182316364e-01
8.239374648857407113e-01
1.288689544056015601e-01
6.237135634247543692e-01
4.873610756268202948e-01
-9.066617087285062659e-01
1.098961235540341530e+00
-1.432955186267442782e+00
