5.741275134159975835e+01
2.169669509194092427e+01
4.844704041507839065e+01
4.844704041507839065e+01
3.004416263053516900e+01
3.079051384715857864e+01
3.940528862039816005e+01
3.070168263345196280e+01
3.070168263345196280e+01
3.070168263345196280e+01
3.070168263345196280e+01
3.070168263345196280e+01
3.068188000615577948e+01
4.842027017401378686e+01
4.851936107665800080e+01
3.960183729848223777e+01
4.842027017401377975e+01
4.843547959267731073e+01
5.743165549623890342e+01
4.849874178945526637e+01
6.614206684551652415e+01
