
GEN Mean fit Std Best Ave life
0 -5.834965 0.051139 -5.783825
1 -5.834965 0.051139 -5.783825
2 -5.783825 0.0 -5.783825
3 -5.783825 0.0 -5.783825
4 -5.783825 0.0 -5.783825
5 -5.783825 0.0 -5.783825
6 -5.783825 0.0 -5.783825
7 -5.783825 0.0 -5.783825
8 -5.783825 0.0 -5.783825
9 -5.783825 0.0 -5.783825
10 -5.783825 0.0 -5.783825
11 -5.783825 0.0 -5.783825
12 -5.783825 0.0 -5.783825
13 -5.783825 0.0 -5.783825
14 -5.783825 0.0 -5.783825
15 -5.783825 0.0 -5.783825
16 -5.783825 0.0 -5.783825
17 -5.783825 0.0 -5.783825
18 -5.783825 0.0 -5.783825
19 -5.783825 0.0 -5.783825
20 -5.783825 0.0 -5.783825
GEN Mean fit Std Best Ave life
0 -2.297639 10.596393 57.412751
1 1.965305 8.14825 21.696695
2 4.984878 10.393498 48.44704
3 14.775048 11.634113 48.44704
4 12.73082 5.255315 30.044163
5 15.131824 8.432436 30.790514
6 15.898072 7.545065 39.405289
7 14.358322 5.410073 30.701683
8 14.196331 3.944416 30.701683
9 14.415223 4.078535 30.701683
10 17.696874 6.790106 30.701683
11 16.328674 5.514645 30.701683
12 15.947142 6.99069 30.68188
13 17.907231 8.094328 48.42027
14 22.860266 13.298114 48.519361
15 21.590245 10.032303 39.601837
16 24.594041 11.502103 48.42027
17 22.10028 9.468066 48.43548
18 28.660368 13.317624 57.431655
19 26.93323 12.279566 48.498742
20 30.659387 14.107826 66.142067