1.059639291166160646e+01
8.148249995034246851e+00
1.039349784806303134e+01
1.163411275335570139e+01
5.255314646280356605e+00
8.432436321756840769e+00
7.545064527572971969e+00
5.410072728015562937e+00
3.944416460679828429e+00
4.078534524197888089e+00
6.790106045875788254e+00
5.514645258439672126e+00
6.990689861514343129e+00
8.094327734939646746e+00
1.329811406869286294e+01
1.003230302993235590e+01
1.150210292152240399e+01
9.468065507089789890e+00
1.331762413617280671e+01
1.227956570733576136e+01
1.410782598593740111e+01
