6.616226955283406141e+01
2.175297592783951472e+01
5.722544845445558792e+01
6.660183729848225198e+01
5.773214184093667001e+01
5.722544845445558792e+01
6.675297592783951472e+01
6.616226955283406141e+01
5.773214184093667001e+01
9.402326625757942224e+01
6.626342770252080072e+01
7.574772657195336478e+01
7.574772657195336478e+01
7.525060701409174158e+01
5.775297592783951472e+01
5.775297592783951472e+01
6.610010264641751121e+01
6.610010264641751121e+01
6.605457939139341761e+01
6.616518926293738900e+01
5.728626719449063387e+01
