7.262454010108345681e-01
-8.053269700567232681e-01
2.514050503518110435e-01
-4.094409753101907468e-03
1.029693771621211229e-01
9.179732249597885030e-01
6.557290058623876927e-01
-5.019939417304872809e-01
3.072549877096938387e-01
-9.129253127425264180e-01
2.845840824899141808e-01
-2.159019592850046632e-01
6.090355120128390087e-01
-3.883192708818695160e-01
-9.462497822121740398e-01
-7.274484129156805201e-01
-6.050538284008879497e-01
-1.514367876160177540e-01
1.000000000000000000e+00
-6.639616473504790228e-01
6.409672119524271183e-01
-9.276283554048321278e-01
3.658215077924831249e-01
6.202602401967963752e-01
1.341160651439388118e-01
1.092780653748061381e-01
-7.233696453646462632e-02
-1.000000000000000000e+00
2.100512664481473113e-01
3.591712520502831629e-01
1.000000000000000000e+00
-5.913149970324104165e-01
-2.281174056971999042e-02
-1.204012857979859241e-01
-2.601538082109484673e-01
2.299837759228027245e-01
-7.045102500928894784e-01
8.392166974661731116e-01
-7.969604260607761059e-01
-8.612604107637630291e-01
1.437690041090115556e-01
-2.627056014495555702e-01
-4.950213801800761315e-01
6.007526515956795876e-01
-3.149252829770482487e-02
1.641435266976877250e-01
-9.480584910935362375e-01
3.125104608860629352e-01
-9.222733387292839646e-01
-2.843806358368602405e-01
-5.869122128256957227e-01
-7.281145910613587846e-01
4.211510690909847643e-01
2.892627156982990333e-01
1.776169162878648011e-01
-5.241528877178585066e-01
5.073979792868055227e-02
-4.987973560146562457e-01
-1.000000000000000000e+00
-1.000000000000000000e+00
-9.628119014964708899e-02
-3.362993323154749858e-01
-9.562971747458873795e-01
1.471971848446211872e-01
-9.409859514606869202e-02
-9.135850863667158706e-01
-2.580479625522200116e-01
6.825316296033372143e-02
-4.698525792966282699e-01
1.697083759783008516e-01
-7.663508202407079972e-01
-4.464012901983112624e-01
-3.038636047524798656e-01
-4.012928231387722366e-01
-3.940505483836904688e-01
-9.252158488719849361e-01
6.338751601662417912e-02
-1.300259397188460730e-01
2.899792859563816994e-02
1.968371283857200948e-01
3.553545895005666977e-01
6.229105971237338668e-01
7.133836533294052318e-02
2.304039598672490974e-01
6.090925739644761361e-01
-3.294732145565699710e-01
-3.326362530727928757e-01
9.105252648320307785e-01
7.778003504909520860e-01
-5.971367406971609393e-01
-1.000000000000000000e+00
1.080237780630027844e-01
-7.273132770173373896e-01
5.124524618167616286e-01
5.681158807412549638e-01
2.242925027336168109e-01
-5.901313777868155697e-02
-7.973100619828177305e-02
-6.448466125111984582e-02
-3.280715547077097671e-01
8.627455284249765377e-01
-4.436400663016628609e-01
3.678763957972739362e-01
-1.209503955493437255e-01
-4.435924914569255861e-02
6.510207530740892423e-01
8.530735032382035232e-01
-1.033795684692138117e-01
6.148308390239272114e-01
-6.765335227977320454e-01
-3.132310885131809330e-01
1.969136866735341496e-01
-6.755731739724492035e-01
1.609608211299655700e-01
6.414761594122970756e-01
4.754471799512072216e-02
3.734970998693760147e-01
-6.874437179998680314e-01
-6.885583197192179927e-01
-3.125155665396601723e-01
-1.000000000000000000e+00
1.000000000000000000e+00
-6.280620281313281650e-01
-4.029106050766685376e-01
-1.000000000000000000e+00
-1.000000000000000000e+00
8.701326974964048722e-01
-1.934560746313100932e-01
9.345334262741772369e-02
-4.282753146460137050e-01
-1.305898249383358189e-01
1.000000000000000000e+00
5.373217840294437497e-01
-4.888157862658139008e-01
-9.651460722409778148e-01
3.423859449806299082e-02
5.836556777443325378e-02
-5.328925895300514748e-01
-3.965462222496857203e-01
8.687032659568476589e-01
-4.147822106736879233e-01
-4.503760433011691489e-01
1.124482621975839147e-01
3.638406664895739162e-01
9.624398401977949380e-01
-7.210243821334814118e-01
9.589718413195665037e-02
-2.972638251547778943e-01
5.362830096825741411e-01
1.000000000000000000e+00
-2.910963022114135268e-02
-8.591440056803679726e-01
1.488667323660174679e-01
1.296699962954210028e-01
2.423268725241425336e-01
-2.882949989351282216e-01
2.609164522326427038e-01
2.137129070752324944e-01
-9.892948870919560100e-02
1.861929422695849101e-01
1.431172092940891094e-02
-1.273295349750754035e-01
9.106472143219639381e-01
5.909747605602687637e-01
-2.215664093711754434e-01
-3.495481762888805743e-01
4.855916034093699096e-01
-4.534590816728945040e-01
1.674541302196945192e-01
-9.068104696204328796e-01
-4.022015007862619340e-01
-5.696204032968494868e-01
6.301270977162831688e-01
9.197009724079797666e-01
5.402203053559793133e-01
-1.379035170944628297e-01
3.427124160440841449e-01
-5.389399366975052841e-01
1.000000000000000000e+00
6.303241735585716210e-01
-3.884451610649205522e-01
7.168875905200161602e-02
5.771598987865101948e-01
2.501633748767042587e-01
-3.557178121522377445e-01
8.020083234418243223e-02
-4.034947334815673914e-01
-8.599341108482440044e-01
-8.165089424740014090e-01
8.714576784280470001e-01
1.000000000000000000e+00
7.497709084690402648e-01
-5.311334875737322436e-01
9.964679228345847406e-01
3.042966019680397594e-01
-3.058785227640559157e-01
4.244102779442930906e-01
1.810546591882621903e-01
-2.570172313002585529e-01
4.063632980083624058e-01
-9.416938739391339519e-01
-9.900214697581941059e-03
-1.787634448598896530e-01
1.094353126410026467e-01
-2.663877085945916962e-02
-5.680025085051880751e-01
-4.365345707545671416e-01
6.060572622191807979e-02
-1.881372816109595503e-01
9.763641233682996967e-01
-3.703385214329468766e-01
-5.469000271804909108e-01
5.962438188865170074e-01
4.946595345750630646e-01
-5.960033894737828408e-01
-4.670087194237307893e-01
-2.221749101344915323e-01
-1.816184309151378518e-01
-2.620745455229612220e-01
-2.657507128826732679e-01
-6.333314565613434866e-01
-7.184640156513395493e-01
-8.895758404716895829e-01
-6.138830600255911207e-01
-8.666991508220693863e-01
-4.940264422277552137e-01
2.343810835841834694e-01
1.843313745736945009e-01
-2.812071519364267580e-01
3.729981161924512123e-01
-2.445629786863448007e-01
-1.000000000000000000e+00
2.059142564579310997e-01
2.269367974644323216e-01
-8.539986024360302075e-01
-1.226699710026714352e-02
-4.036383269108878569e-02
8.553182266794788768e-01
1.736530485304270122e-01
-5.097023022897329003e-03
-4.084583757270515147e-01
-7.784915821110636180e-01
-3.283792718084244111e-01
-3.626986508258905895e-02
2.057785107893799204e-01
-1.196353098938753440e-01
-1.000000000000000000e+00
1.990442711686078725e-01
6.058443948514244948e-01
2.082154179186712639e-02
-4.223723351820890537e-01
-7.325993557488309493e-01
-1.000000000000000000e+00
5.260862734630969983e-01
-1.424399561576278617e-01
-2.300423162217301448e-02
3.296236740618172512e-01
-1.000000000000000000e+00
-7.501168609520556529e-01
-2.275917281905567302e-01
-2.624680292015526550e-01
-5.550399764363225796e-02
9.690607983308008322e-02
7.949695507132361616e-01
-1.659413557442050435e-01
