GEN Mean fit Std Best Ave life
0 -2.171228 11.326286 66.16227 0.0
1 -1.925724 6.944924 21.752976 0.0
2 8.528468 16.224036 57.225448 0.0
3 15.274719 21.682667 66.601837 0.0
4 19.377479 21.877843 57.732142 0.0
5 31.533915 23.264157 57.225448 0.0
6 36.869274 22.909089 66.752976 0.0
7 42.458271 21.42997 66.16227 0.0
8 45.326743 18.105399 57.732142 0.0
9 53.315771 14.424058 94.023266 1.8
10 54.876419 10.180505 66.263428 0.0
11 56.613549 8.038645 75.747727 1.6
12 58.255602 3.936288 75.747727 0.0
13 57.723227 2.807002 75.250607 0.0
14 57.244448 0.184209 57.752976 0.0
15 57.197889 0.116252 57.752976 0.0
16 57.392272 1.251888 66.100103 0.0
17 57.581974 1.745369 66.100103 0.0
18 57.394289 1.245339 66.054579 0.0
19 57.349046 1.25968 66.165189 0.0
20 57.170848 0.02807 57.286267 0.0
