1.132628639412724425e+01
6.944924456776280230e+00
1.622403592158527985e+01
2.168266672789072302e+01
2.187784254403570117e+01
2.326415688044860275e+01
2.290908879586900326e+01
2.142996957207186881e+01
1.810539851945176792e+01
1.442405836662830332e+01
1.018050509086471322e+01
8.038644596675236897e+00
3.936288079820394525e+00
2.807001905288378563e+00
1.842094817726660227e-01
1.162523028970463695e-01
1.251888329642196096e+00
1.745369413051976348e+00
1.245338570851469484e+00
1.259680118461209641e+00
2.807018268839065259e-02
