3.093109579777976847e+01
3.938687189361192509e+01
6.626342770252080072e+01
7.544317193830046619e+01
2.101354799471555879e+01
2.177964417492167470e+01
4.810284613236326834e+01
4.842027017401377975e+01
4.771028442909100420e+01
4.843931836898446619e+01
4.843165549623890342e+01
6.628626719449063387e+01
4.851936107665801501e+01
4.844704041507839065e+01
5.724425778641308682e+01
4.846266573298146341e+01
5.726342770252081493e+01
5.722855887686998955e+01
5.722855887686998955e+01
5.718586946817494265e+01
6.612226421822036571e+01
