5.229128180735037601e-02
3.067842532936521094e-01
-3.256147415746423190e-01
-4.756128150146137767e-01
1.000000000000000000e+00
-8.474272016334907232e-01
-9.123390149669132754e-01
3.846110170589049915e-01
-6.934435894646331366e-01
1.000000000000000000e+00
7.405021746328229737e-01
2.268662408345475390e-01
-3.607659525134603029e-02
8.464850808907000701e-01
-2.571205520249103538e-01
-5.622098693288919424e-01
-2.680222686673613408e-01
5.069110741815220367e-01
5.611552841689441129e-01
-9.149366498347127896e-01
5.170203936890639396e-01
-6.218803880639222070e-01
1.484461468298589326e-01
3.494600593765365137e-02
8.020339131279577427e-02
4.165163057863957574e-02
-6.392934462803933071e-01
-2.815981385176802299e-03
2.026648284740331651e-02
8.892108702286998234e-01
-3.255097959268610230e-02
1.000000000000000000e+00
1.114169229980812720e-01
-1.659711879906380361e-01
8.524978080291097937e-01
6.228526243393373019e-01
-3.718642806774760667e-01
3.693480842996379465e-01
-8.082056226063472071e-01
-6.361629131321159258e-01
3.464275538525305453e-01
-3.526286809971329039e-01
-1.599611989832193104e-01
-6.597652798578934608e-03
-2.570759879674886506e-01
-9.402559864628012853e-02
5.358373691250299942e-01
-4.631408995561252517e-01
-2.246829418916601318e-01
2.195841110552601005e-01
5.600907539484036857e-01
-3.345482483762436399e-01
3.124480995827825236e-01
-2.005894608777551991e-01
-4.567378382072186382e-01
1.318385568968980515e-01
-7.767873095940348860e-02
-3.539715662814240105e-01
-2.809014346357308067e-01
1.000000000000000000e+00
3.594395043716671623e-01
1.226844521457648718e-01
6.970536163231253468e-01
7.816355809261044119e-02
4.427299349199659284e-01
2.155487177607624261e-01
1.464692331935529279e-01
8.267925443433882249e-02
2.691046674853157517e-01
4.561635002642920877e-01
-6.090324860790478079e-01
2.502630401724770248e-03
-1.952268483848239311e-01
-1.225449090443522238e-01
-1.000000000000000000e+00
-1.144457950577658645e-01
-4.893434392404848454e-01
-8.112602563682299595e-01
-9.357799685750746443e-02
-6.308903126023103214e-01
5.300085064395877454e-01
1.887460897710497298e-01
5.444118456056684652e-01
6.804103167243507055e-01
-1.000000000000000000e+00
-4.814157274684410792e-02
1.000000000000000000e+00
-1.000000000000000000e+00
1.371292307957679701e-01
7.400718922409921241e-01
6.818014531643030729e-01
-8.136954336378982022e-01
-1.832846667041952704e-02
5.008246903041991827e-01
-2.956879427888523537e-01
-1.000000000000000000e+00
1.283659866431113850e-01
-5.948451349975449887e-01
6.522250343305999176e-02
-1.000000000000000000e+00
3.929774593326440524e-03
-6.656840058765178814e-01
-1.828945386967286146e-01
-1.117358212800979300e-01
-3.324312690123979452e-01
4.642923296224649166e-01
2.687780026020657465e-01
-6.378745872970048580e-03
1.497500075222246707e-02
-6.382252257178025467e-02
-8.254538897478436166e-01
-6.084978358728250214e-01
-6.513608466537996744e-01
-8.387021650498033276e-01
-2.449115634297707733e-01
1.000000000000000000e+00
1.580039120365454020e-01
-9.001881149521744341e-01
-2.365904000754070480e-01
-8.608171752429144563e-02
1.000000000000000000e+00
-7.878565125703475003e-01
1.840983922336669187e-01
2.720793987328882224e-01
-1.000000000000000000e+00
4.186677606960602371e-02
-6.519836014678641600e-01
-8.272297696982526816e-01
6.430499165338823264e-01
-4.392983104216356960e-01
-6.829661364133706725e-01
-9.011088091683689960e-01
2.456260598147727292e-01
-3.984049664997668661e-02
4.372923149091165751e-01
-1.137483436604572601e-01
-8.267744996905652954e-02
7.790503861295047239e-01
-1.886010499616218583e-01
9.776642587046602273e-01
3.660507319163263107e-01
-5.690156677379321071e-02
3.455546965144499216e-01
1.000000000000000000e+00
-8.902845423147420778e-02
-3.964500536106520534e-01
-4.882305797059579011e-01
-1.792295878025200184e-01
7.703707816933611507e-01
3.483719373610578152e-01
-1.000000000000000000e+00
-7.902230405981630623e-01
-8.505330406422692002e-01
-3.903674604506461865e-01
-4.960817490043161193e-01
-4.588255168605597234e-01
1.193981689728407236e-01
-1.842386598161481481e-01
1.922819456797697502e-01
-3.698542144472415361e-01
-3.577778434471787228e-01
-2.893886760933479518e-01
9.861573421672640283e-01
-4.142142890523091148e-01
5.959567220719070857e-01
-7.566294144808007882e-01
5.515481181399823490e-02
-7.019790819253411973e-01
2.201118642359656263e-02
-2.049124534248032981e-01
9.343383146910321235e-01
-1.428962599139731171e-02
6.201770410563445246e-01
-5.584835049747677305e-01
8.302904833824695241e-02
-5.378287607927648706e-01
-2.902363003034145184e-01
2.561976078058260109e-01
1.000000000000000000e+00
-9.584049019550616721e-01
1.000000000000000000e+00
2.081680053771261252e-01
-3.552453286266286092e-01
5.787548677632434746e-01
-4.638331537386188308e-01
-6.655735618391509512e-01
9.014786365464083628e-02
1.000000000000000000e+00
-3.240733967902387769e-01
-3.338913650288411472e-01
4.800040749550732455e-01
2.318278261005457530e-02
-3.255984215896630674e-01
5.773744385069102814e-01
3.268522682679105840e-01
-1.000000000000000000e+00
3.783684528240820466e-01
-1.788755372947653244e-01
3.020898347532330330e-02
2.185893478287511682e-01
-1.000000000000000000e+00
-9.972535749624972246e-01
9.851544509290843799e-01
2.900856053385819089e-01
9.621326842959153636e-01
9.796019254132443121e-01
1.000000000000000000e+00
-1.633414261425724101e-01
-6.316800703268501405e-01
-2.880179847825652395e-01
8.919776745641989635e-01
4.459066034610226215e-02
4.738794679256903564e-01
-5.221039514593463216e-02
1.517435093746432595e-01
-1.129483013140417935e-01
7.965791480961472715e-01
-4.358941877282093147e-01
5.603162662757874557e-01
-1.777820733454268387e-01
1.000000000000000000e+00
-3.493791616498229113e-02
1.000000000000000000e+00
7.387086203634580794e-01
-4.485700474986242803e-02
-1.000000000000000000e+00
1.000000000000000000e+00
2.012071613986675389e-02
6.273858840091859346e-01
1.320827865381632993e-01
-6.368573332131638454e-01
9.610629841591450395e-02
9.981831378203760430e-01
6.590740479005779973e-02
4.879066642526596054e-01
-3.017967147850746379e-01
-3.841387113034822054e-01
6.320257193451148670e-01
8.204521460530013188e-01
6.256833786986115697e-01
2.070187247945695086e-01
-1.022765499111059490e-01
1.633167591742866742e-01
5.946363516152579631e-01
9.332816402343201423e-01
-2.852304914048764406e-01
-7.122898328282162295e-02
5.704230371250631482e-01
-1.587985982325231249e-01
-5.138861153355680500e-01
1.000000000000000000e+00
-4.418715961400524472e-01
1.000000000000000000e+00
1.000000000000000000e+00
-4.224189746412631563e-01
1.000000000000000000e+00
-2.494587433430020540e-02
1.000000000000000000e+00
9.562341959630513699e-01
3.773849516009580851e-01
-5.247301969639732722e-01
3.239246243848910023e-01
-7.240218550206207748e-01
1.001367722787322306e-01
-1.753376496196066003e-01
