GEN Mean fit Std Best Ave life
0 -3.252342 8.224223 30.931096 0.0
1 -3.267052 7.640166 39.386872 0.0
2 1.276896 14.17673 66.263428 0.0
3 3.267385 13.398592 75.443172 0.0
4 5.678226 8.665277 21.013548 0.0
5 9.044184 7.983846 21.779644 0.0
6 14.180384 7.070864 48.102846 0.0
7 16.486066 8.573409 48.42027 0.0
8 16.653235 7.612982 47.710284 0.0
9 17.399421 9.028042 48.439318 0.0
10 19.333229 11.040805 48.431655 0.0
11 20.192897 12.078651 66.286267 0.0
12 21.965484 12.181347 48.519361 0.0
13 21.411912 12.004721 48.44704 0.0
14 19.501531 10.857474 57.244258 0.0
15 18.979657 9.731975 48.462666 0.0
16 21.988318 11.799087 57.263428 0.0
17 23.201863 12.40785 57.228559 0.0
18 25.308401 12.498907 57.228559 0.0
19 29.716701 12.923726 57.185869 0.0
20 34.325769 13.044948 66.122264 0.0
