8.224223073053082089e+00
7.640165533937129716e+00
1.417673020906268810e+01
1.339859211343882528e+01
8.665276735771604066e+00
7.983846421467554855e+00
7.070864496965636015e+00
8.573408616509034630e+00
7.612982280092175813e+00
9.028042292095447507e+00
1.104080523440136830e+01
1.207865136258150685e+01
1.218134681153079235e+01
1.200472099756631295e+01
1.085747425955631051e+01
9.731975437935759032e+00
1.179908721243189085e+01
1.240785000438047625e+01
1.249890727996900175e+01
1.292372593910657841e+01
1.304494834321067387e+01
