-1.547110469034526314e+00
1.814214586057387057e+00
9.782849362653411873e+00
2.146629640324062294e+01
2.780405849927976902e+01
4.060675385104255497e+01
4.278536584130458209e+01
4.843532053079119493e+01
5.057206129266997152e+01
5.555650648416823856e+01
5.803703459218993288e+01
5.844075915294158818e+01
5.695784892056651927e+01
5.802852732164212313e+01
5.731431115076556893e+01
5.785409943296055957e+01
5.697685144357875942e+01
5.740627159959345249e+01
5.713256861771782269e+01
5.805929952651413117e+01
5.749518551091680507e+01
