9.199675180640241035e-01
1.554586083800905960e-01
-2.368646954101282787e-01
7.577938871989237102e-03
-4.827697426778489453e-01
-3.276000009711477756e-01
-9.561717064724217785e-01
-2.421261761012445668e-01
-8.153792811898866733e-01
-4.376372594493100898e-01
7.671958688181601538e-01
-4.924402642231795468e-01
-2.005137780272039094e-01
-4.227051850126904431e-01
-6.119330506807841852e-01
-4.150373881243784591e-01
9.916892928178071553e-01
-4.800296523786595770e-01
-6.161474927331628271e-02
-6.864676710221578881e-01
-1.518208440595297248e-01
7.620147960201597570e-01
-5.611139424069436776e-01
1.436541549830726294e-01
-8.567362516415205631e-01
5.861292966501607804e-01
1.311174906336579904e-01
-5.637038561537039971e-01
-6.491889487191541130e-01
7.866475442501250637e-01
-7.016586819945300757e-01
-2.875065538439509072e-01
-6.053925743330506037e-01
4.349013720434970892e-02
-5.868110201127757497e-01
-1.293364596380941478e-01
1.137905423167653862e-02
4.576050095287438613e-02
4.881359102790286397e-01
-9.844131401572120410e-01
-9.278908432429018305e-01
-2.612826835036662354e-01
-8.165386036169901551e-01
5.614417528526889356e-01
9.760853369456213846e-01
8.859019143699080612e-01
6.602053941167034257e-01
-5.269710373688575311e-01
-3.543443263249886899e-01
-1.000000000000000000e+00
-2.288404434395002185e-01
7.458314488421233790e-01
4.548547392833489078e-01
-6.669463842544385290e-01
6.285911510013234560e-01
2.285450829364150949e-02
-5.229160731100128690e-01
-3.330922421999724103e-01
-9.246871475805653606e-01
7.902024876809775611e-01
-8.082501770617796233e-02
-9.070188681979615142e-01
-2.054421279756368512e-01
2.786687696836496198e-01
4.454476552908971376e-01
9.221623454605974990e-01
-9.875008674345266968e-01
3.727597070110600375e-01
8.656709030306168895e-01
7.810227749291381860e-01
5.275740811950700992e-01
1.000000000000000000e+00
-7.381618128621179054e-01
9.932591248348954238e-01
-2.849593718726320390e-01
-6.832773353091474711e-01
-9.302827682550103283e-01
-1.257942912545554903e-01
7.876863781329283831e-02
4.929127399088190087e-01
9.962931758112496539e-01
8.194931247043952816e-01
-4.365771496991776024e-01
4.187360022154819061e-01
4.181985792549161030e-01
-3.985532918009443981e-01
9.770274241613634281e-02
3.036313861716928297e-01
2.147277656156218462e-02
7.141171834860812750e-02
7.551519668238382277e-01
7.119148068815487340e-01
5.139834008588352043e-01
6.929028952043118084e-01
-4.599012253980315212e-01
-1.022987961609697211e-01
3.587167730555176903e-01
-5.704305877663137236e-01
-3.157886174209963148e-02
1.235351942780614914e-01
1.000000000000000000e+00
-4.811354856570087546e-01
-3.166382762738376710e-01
-1.457908267498483554e-02
8.718121236331277668e-01
2.103170651986976669e-01
2.989196402898640081e-01
-5.313308820138810951e-02
4.533454534207070896e-01
-3.717678659786201045e-01
9.873047008361183208e-01
1.149480878545188905e-01
4.730359231629720218e-02
-9.925979478385471566e-01
1.997582923410110567e-01
4.047562358756288114e-01
9.317532055301940286e-01
3.418113190325617889e-01
-6.987817058387921776e-01
8.505244719004569909e-01
1.985650883537670164e-01
8.792359003844250065e-01
4.424158054425788578e-01
6.536550331808641534e-01
4.541785639072163372e-01
5.771687933432123607e-01
-9.339555371648535775e-01
-1.000000000000000000e+00
-2.827167687133299578e-01
5.428063128532039094e-01
-9.879954649415877421e-01
8.273516811279713057e-01
6.405396487765944169e-01
7.076362565978087105e-01
9.799947322044918474e-01
6.292263238648470036e-01
-1.957082794613789478e-01
-1.000000000000000000e+00
3.368381822630175382e-01
9.596506158626750826e-01
3.859592145191811374e-01
-1.565409369807790330e-01
-5.446612390571323736e-01
-9.058190126152456667e-01
-1.000000000000000000e+00
-8.662990887325459077e-01
-7.691104020802492780e-01
-1.809055638428709589e-01
-4.358162164820018059e-01
-1.422992427498043500e-01
-1.953301901918411687e-01
1.130628132952523623e-01
4.858335145735514504e-01
1.670391238213990159e-01
6.618174410631769700e-01
-5.784182126895499598e-01
8.725094094566445690e-01
-7.068618072482700521e-02
5.281567524988358686e-01
-5.400691064898197613e-01
-1.107119391633796246e-01
6.046275863908995296e-01
-3.147164882914832984e-01
-4.943086264019996845e-01
-2.506629233698525749e-01
3.400210735967341136e-01
-6.943164970486387366e-01
-5.496468920856092399e-01
1.586353816445328913e-01
-8.832320679139351594e-01
-9.947787564463096421e-01
-1.299979034433282610e-01
-1.568072886502519525e-01
1.000000000000000000e+00
1.825392844461740105e-01
-2.886929012568498903e-02
-4.206795206088076444e-01
-3.714071130078315797e-01
-9.937740914504269440e-01
1.154287936750279242e-01
4.258070560453121045e-01
7.146894482250061298e-01
7.023458350638633885e-01
-8.944145651431341104e-01
-3.110059226064294524e-01
9.396981119038015917e-01
2.501662267475975865e-01
-2.978095403752698857e-03
9.425609139034717421e-01
-1.843410973099335048e-01
4.732664510859301843e-01
9.235145565958022829e-01
3.592392459608210742e-01
3.923715124022295608e-01
6.130222288155134924e-01
-1.000000000000000000e+00
3.951552060923901322e-01
7.180123086332197424e-01
1.700260943092674060e-01
5.266086781806237349e-01
-8.243939547805057000e-01
-7.797067315541312826e-01
-6.769019180675829306e-01
2.308524890827562404e-01
-6.113226692529137862e-01
-6.503365271454767393e-01
1.000000000000000000e+00
7.390507229222997854e-01
-2.765911498338987085e-01
6.809308774886849713e-01
-6.400449915510587617e-01
-7.109085485962327589e-01
8.850176271079623902e-01
4.959246853800436394e-01
-6.451976825328119280e-02
7.566685079483683740e-01
-9.836524509048418796e-01
-6.423812008032581122e-01
6.967139238415322178e-02
-7.734700545166482977e-01
1.819944253817010194e-02
-1.794527730865330406e-01
4.633005817967720263e-01
8.548455882182384169e-01
-5.712296281876991788e-01
-7.589036444965829853e-01
-8.146880768536602924e-01
-5.075463142427034668e-01
1.870998208253161765e-01
4.907497966519581145e-01
-8.231864241529914805e-01
7.475227592553390643e-01
-6.066444726504154061e-02
-6.096492035644807128e-01
-8.666562799373835890e-01
3.088395427229267964e-01
8.921422625585788690e-01
-9.989724360511356149e-01
-1.393195806260895675e-01
9.610625559616982339e-03
1.706922535741380587e-01
-1.551981569983805487e-01
-2.122297267917991892e-01
3.388242782712033163e-01
-1.362723967249533374e-01
-1.000000000000000000e+00
9.009221295813125696e-01
-3.142177442398851328e-01
-3.454211773144948844e-02
-5.825894701327711811e-01
-2.911292073481405035e-02
5.343040648093537459e-03
2.621054462345443481e-01
3.966937191556547671e-01
2.891570394264585953e-01
6.443762575392476544e-01
4.620093595354890503e-01
-2.811482693406531369e-02
1.901463566859079579e-01
-7.581958987225749791e-01
-5.347962583459904273e-01
7.015909856871845873e-01
-8.622825356867429569e-01
1.350974301250152110e-01
6.453507054456709968e-02
