1.300956741322126398e+01
2.125060701409174868e+01
2.125060701409174868e+01
3.967699002086159510e+01
5.669555119757801265e+01
3.019185751001955609e+01
4.835455310235676762e+01
3.066246192029868212e+01
5.726665872310225325e+01
5.739788117912030430e+01
4.835102576183879108e+01
4.850693855665944909e+01
4.850693855665944909e+01
5.730964054567593280e+01
6.611112204166711592e+01
6.612788221052457516e+01
6.612226421822037992e+01
6.612226421822037992e+01
6.613070308686621956e+01
5.734051778424037593e+01
6.612226421822035149e+01
