-4.699706383043650959e+00
-8.990062137005654375e-01
1.325146958748379511e+00
3.725644294910734899e+00
7.557538647192282966e+00
8.506215186300090991e+00
1.260924202415568907e+01
1.453293452166981581e+01
1.688072286863574334e+01
2.110977884348837819e+01
2.067731073555996346e+01
2.428700414753462056e+01
3.099492371175630367e+01
3.151233748427698700e+01
4.057896039843924996e+01
4.201077908868007427e+01
4.372285981413210010e+01
4.339174883928749438e+01
4.289032719711516961e+01
4.467355232443784985e+01
4.306435885253681306e+01
