GEN Mean fit Std Best Ave life
0 -3.060776 7.670762 30.601837 0.0
1 2.985719 10.213561 30.601837 0.0
2 9.096563 12.018342 48.319827 0.0
3 16.403625 11.972195 57.466611 0.0
4 15.391431 9.417358 57.548962 0.0
5 13.983897 7.012994 48.502832 0.0
6 14.927093 6.40823 48.494668 0.0
7 13.355992 1.697364 21.812614 0.0
8 13.009567 0.0 13.009567 0.0
9 13.354718 2.407048 30.203942 0.0
GEN Mean fit Std Best Ave life
0 -4.699706 4.453207 13.009567 0.0
1 -0.899006 8.237841 21.250607 0.0
2 1.325147 8.763635 21.250607 0.0
3 3.725644 11.044805 39.67699 0.0
4 7.557539 12.198805 56.695551 0.0
5 8.506215 8.92867 30.191858 0.0
6 12.609242 10.390756 48.354553 0.0
7 14.532935 6.087078 30.662462 0.0
8 16.880723 8.315471 57.266659 0.0
9 21.109779 12.086703 57.397881 0.0
10 20.677311 10.183711 48.351026 0.0
11 24.287004 11.746128 48.506939 0.0
12 30.994924 12.50197 48.506939 0.0
13 31.512337 10.539122 57.309641 0.0
14 40.57896 10.75495 66.111122 0.0
15 42.010779 11.909893 66.127882 0.0
16 43.72286 10.299117 66.122264 0.0
17 43.391749 9.622943 66.122264 0.0
18 42.890327 10.501501 66.130703 0.0
19 44.673552 8.534168 57.340518 0.0
20 43.064359 11.638992 66.122264 0.0
