4.453206966558401092e+00
8.237841247119931154e+00
8.763634779744823078e+00
1.104480530553113127e+01
1.219880535137274968e+01
8.928669510955351996e+00
1.039075635323844793e+01
6.087078246932479786e+00
8.315471143524534980e+00
1.208670348659789440e+01
1.018371131054350798e+01
1.174612845597642874e+01
1.250197009178289598e+01
1.053912164261097573e+01
1.075494953290204414e+01
1.190989263092719952e+01
1.029911697614387123e+01
9.622943393444183258e+00
1.050150127323625959e+01
8.534168415486972137e+00
1.163899198400314816e+01
