-2.024958650946112049e-01
-7.681923663965277704e-01
-1.000000000000000000e+00
8.710368132236886440e-01
-7.059830152146775450e-01
4.801409888011090588e-01
-1.815678210653679792e-01
1.715916997506107822e-01
6.599634640888216164e-02
-1.882042130634836719e-02
-1.072914834875998008e-01
1.000000000000000000e+00
-5.312912332925996406e-01
5.673351492462912482e-01
2.610386290513095897e-01
3.868853922971289827e-01
4.803756114725415971e-01
6.342476042455155172e-01
3.896367498530924345e-01
-5.323230533185340230e-01
-6.193034283906956317e-01
8.773727602665376546e-01
2.912096439781539647e-01
-9.835781866087368597e-01
-2.465429316478546518e-01
5.608254758187736222e-01
2.018100378321209254e-01
-5.154377447383798883e-01
-5.409754273208476905e-01
1.647222871229762631e-01
-7.623068022129386723e-02
7.610563226489666655e-02
-3.609331441737176349e-01
3.648454554606948008e-01
4.468009791031484768e-01
-5.944236990308791047e-01
6.152879456486928245e-01
-3.620017950555122210e-01
-7.245060819148136932e-01
-1.000000000000000000e+00
-1.000000000000000000e+00
7.825625611671793713e-01
-5.617480138437744297e-02
2.829404601338557645e-01
3.081523468183539616e-01
-4.934261914468687782e-01
1.000000000000000000e+00
6.822065104096135535e-01
7.623929776008687639e-03
-3.784076444387394766e-01
-1.740833166541555510e-01
3.804262413237572416e-01
3.153328965677539009e-02
-5.165833114991846831e-02
-1.000000000000000000e+00
5.176322077275419264e-01
-4.477697726305286952e-01
-4.718546402618508662e-01
-1.000000000000000000e+00
-3.987662208757597471e-01
-9.407130111909095538e-01
-9.530056134823592373e-01
-9.125878760389855016e-01
-5.115376458088122247e-01
7.120314718928510977e-01
5.036667275580930525e-01
-1.776256469033630769e-01
-3.856933286384659487e-01
-1.000000000000000000e+00
-2.167478964621879778e-01
3.644162312802318726e-01
1.448225122992405356e-01
-6.042913276601541428e-01
-8.867704835953942322e-01
-8.743561979026526210e-02
-7.915680154600180929e-01
7.624809243381732715e-01
6.054495054466614568e-02
5.536004980815459886e-01
3.703940432465288590e-01
-1.794026919517939245e-01
3.796122130495001579e-01
6.010643265418372794e-01
-2.718765078914499311e-02
-4.369799499126206799e-01
-3.142163706560363035e-01
1.000000000000000000e+00
-1.580872480972173033e-01
-6.557088416339302839e-01
9.243581116279402377e-01
-9.274961665263755650e-01
-8.860567682369717701e-01
1.565832266829622621e-01
9.303586658035620793e-01
2.701634491433477225e-01
-2.040078524863887799e-01
5.182662329724994077e-01
2.771830292285478725e-01
-1.097217184642224064e-01
8.690117334186577835e-01
-4.794929545571174900e-01
1.000000000000000000e+00
-4.145320048740256391e-01
-9.204907771409577277e-01
-9.472698979470309810e-01
-2.147411643337688303e-01
-2.123269875198374734e-01
-9.251062898872340901e-01
8.553320223331655203e-01
8.887988777735595924e-01
4.065675334648384265e-01
-8.771068324465760568e-01
-2.636263595391032943e-01
-1.326079245503073711e-01
5.600570615423763332e-01
-1.000000000000000000e+00
-7.691268322161757265e-01
5.538859694716291582e-02
-2.520405133053996161e-01
4.992628735033964871e-01
-5.156499960381567549e-01
-6.760760367103199053e-01
6.082469859210379859e-01
-5.285189572195719832e-01
4.606278048691851978e-01
-8.591687705325616875e-01
8.514078327520053779e-01
-1.000000000000000000e+00
-1.301745153468555904e-02
7.459854036451438741e-01
1.983784102649857051e-01
1.266211401334661479e-01
1.000000000000000000e+00
-8.537961139829624013e-01
3.614512628602832844e-01
3.479930169237284154e-01
1.799049264764582823e-01
1.422481394798034426e-01
-6.912795422919089106e-01
-9.810262376529130801e-01
2.303871899628734399e-02
7.187142637073890006e-01
3.223580392867225752e-01
8.456336779704092255e-01
4.561905884235506470e-01
2.332859341543103496e-02
3.023714136860342072e-01
-4.967102276662581084e-01
-3.361122460896286412e-01
7.120979627254941935e-03
-4.510038355760275786e-01
-6.645601708350725723e-01
-3.771965538300322551e-01
-1.000000000000000000e+00
7.284213678838015182e-01
7.383632398772828065e-01
-1.020415529749828798e-01
3.032248822397154431e-01
-5.370364754310639199e-01
3.378584872346713230e-01
-9.561322293659554328e-01
7.141433384281954400e-01
-1.896804074861060951e-01
-2.442493125214863225e-02
7.406205946099875259e-01
3.371326047920876756e-01
1.896096998394612987e-01
1.773894195087344083e-01
-7.924739138911447434e-01
-5.716402752720214364e-01
8.833098178816729540e-01
9.993267332221142940e-01
9.917607101080138099e-01
-4.500529520425635699e-01
-7.816743703487834261e-02
6.897488490581367149e-01
1.000000000000000000e+00
1.486093205720296906e-01
8.506927619062500112e-02
-3.825916707788296067e-01
-7.050372890183181918e-01
1.435464597181372870e-01
-1.707590290734531946e-01
-8.814135708646907430e-01
-3.947426417340038629e-02
4.769894773996020687e-01
1.000000000000000000e+00
2.338792412135428656e-01
8.922693406652179027e-01
-4.821785735482420066e-01
1.112847622784231133e-01
1.149442263205687764e-01
-5.120477432856538336e-01
-8.051765915354792691e-01
5.297161883937659965e-01
4.568849121240278754e-01
-7.954668298306678542e-01
5.558516844352634489e-01
1.000000000000000000e+00
-1.135619172751922701e-02
7.114450428149843297e-03
-5.259882518480645669e-02
1.000000000000000000e+00
6.499510702093747039e-01
-1.000000000000000000e+00
-8.639240037061562960e-01
-6.388880411001774950e-01
1.227966440445724672e-01
4.736647039902673884e-01
2.188697699677989161e-01
3.444299110883292103e-02
2.109537044332931988e-02
-8.755384800729862360e-02
1.977090568815868254e-01
7.976516244978613113e-01
3.282045103962397126e-01
-1.181656088926885673e-02
4.533840828662577538e-01
7.414223473253269692e-01
2.754024777096995003e-01
4.656859380304727569e-01
-3.429601184212955900e-01
5.108077290269381621e-01
-6.593828594637347884e-02
4.810702528487003637e-01
-7.773730473912432437e-01
4.910195925194225097e-01
-1.000000000000000000e+00
-8.219394583896855178e-01
-2.391120299091928081e-01
-4.438430819410035255e-01
-2.431914092798793670e-01
2.916327924569546426e-02
8.137142413113218620e-01
4.396984054252517371e-01
6.275867093469902347e-01
6.924712276400409872e-01
6.472580590216383545e-01
7.037326139633544031e-01
9.130414432441916750e-01
-9.863075876986052704e-01
-6.374887112224330021e-01
-6.614983395260104482e-01
3.146240761810663034e-01
-6.607935753891900355e-01
-2.427824154161506431e-02
6.157267243064472595e-01
8.067301229337014989e-02
9.709487314282136960e-01
-1.204891992821598978e-01
2.231193720760999977e-01
-9.997261818364583386e-01
-3.508700115748967785e-01
6.879988333161637382e-01
-7.723212322629271487e-01
8.588460034047197267e-01
-1.349144566389585687e-01
-7.272784270046557253e-01
-2.915285659503285554e-01
5.956042980437231682e-02
-9.586049472691680062e-01
2.744532680815655046e-01
4.202395826203567664e-01
-4.692083072480476291e-01
-9.143513692859936981e-01
