1.300956741322126398e+01
3.933011907701947507e+01
5.733011907701947507e+01
4.842027017401377975e+01
5.722544845445558792e+01
5.737959913428284153e+01
7.540528862039816715e+01
4.830290651349460518e+01
6.613353194306671412e+01
6.612506926914798555e+01
5.733357331188757655e+01
5.651079506867468183e+01
4.840901301948913726e+01
6.613636882440189879e+01
5.739788117912030430e+01
6.613921377653413458e+01
6.613070308686621956e+01
6.613921377653412037e+01
6.613636882440189879e+01
6.614206684551653836e+01
6.613353194306669991e+01
