GEN Mean fit Std Best Ave life
0 -3.749217 5.326968 13.009567 0.0
1 1.203454 10.593154 39.330119 0.0
2 6.207746 14.905134 57.330119 0.0
3 6.533441 13.810629 48.42027 0.0
4 13.361515 13.530421 57.225448 0.0
5 19.105226 13.417723 57.379599 0.0
6 26.743336 14.563116 75.405289 0.0
7 21.748624 10.738646 48.302907 0.0
8 27.588677 14.405573 66.133532 0.0
9 28.088057 13.633896 66.125069 0.0
10 30.75799 15.112737 57.333573 0.0
11 23.69969 11.96242 56.510795 0.0
12 23.149546 11.649344 48.409013 0.0
13 29.966864 14.277639 66.136369 0.0
14 27.103083 13.022072 57.397881 0.0
15 33.938906 14.94949 66.139214 0.0
16 35.732809 12.838841 66.130703 0.0
17 40.168246 12.914156 66.139214 0.0
18 43.003231 12.812226 66.136369 0.0
19 43.734523 14.888572 66.142067 0.0
20 43.016307 13.42282 66.133532 0.0
