5.326968474162343092e+00
1.059315378935613339e+01
1.490513402406571863e+01
1.381062906182370220e+01
1.353042143082544513e+01
1.341772261695769508e+01
1.456311614398092402e+01
1.073864605312476783e+01
1.440557315689559914e+01
1.363389565743245591e+01
1.511273700639603490e+01
1.196241970305906754e+01
1.164934359486696458e+01
1.427763888490305355e+01
1.302207161752441067e+01
1.494948991799825855e+01
1.283884103811768007e+01
1.291415641613105159e+01
1.281222569537297673e+01
1.488857225313582866e+01
1.342281983664711120e+01
