-6.563802245225137666e-01
-5.818027505481870865e-01
5.076730341265420776e-01
-3.241035267024340305e-01
-1.077838161769501868e+00
4.018312113126153440e-01
-2.860303749693181019e-01
7.555178703952500907e-01
-9.139533933769191654e-01
4.149355291215641728e-01
4.179706945250220018e-01
4.156621505240524206e-01
-1.258395555748962891e-01
-1.981558745350950446e+00
-1.290111067117387933e-01
8.792360979046094371e-01
1.180609657752564212e+00
-1.327534336605833420e+00
-4.438929957016710670e-01
-4.822679465343838179e-01
3.959336002670389432e-01
-5.604235439591958023e-01
4.789512582169234145e-01
-5.507338501990755031e-01
-4.179010786977308101e+00
-8.366439324760168716e-01
-6.958577673692485366e-01
-8.628694097953935049e-01
-4.652173904722199937e-01
1.999889712525255159e-01
-4.920240397973642266e-02
1.623388464174245760e-01
1.361573309900071527e+00
5.811710137742347460e-01
-1.203115545472500214e+00
2.798196182956033118e-01
-3.116127697708940048e+00
8.531827442543958584e-03
-1.729224121295723782e-01
8.432471240651683020e-03
4.089006141271915862e-01
-1.135157500407181663e+00
3.040390744189242156e+00
-7.988095619154859106e-01
7.114771361070935107e-01
2.681843270214368857e+00
-6.629875792770256737e-01
1.451140769930538088e+00
-5.144970742237295891e-01
4.570077254128510069e-01
6.469733568401527801e-01
-2.919185036440026249e-01
-8.024693625762806259e-02
-5.149380871111709501e-01
2.055399590730735859e+00
8.807902330069374008e-02
-7.231127750534073195e-01
2.254760283305380086e-01
-1.536722626389602220e-01
-9.329458017654654323e-02
1.132654699631781003e+00
9.116326849273868882e-02
4.867736827090207719e-02
-3.455892463358942734e-01
4.860419398859227580e-01
-2.419486291118120580e-01
-2.728425444830854252e-01
-2.456909401970962803e-01
1.100317521854407454e+00
6.727305501939842003e+00
-2.080219612532235640e+00
9.275978832533763319e-01
4.849828081563267723e-01
1.931859743068631841e-01
6.485498522885010386e-01
-4.047466295896864352e-01
1.210064197699165955e+00
-4.159116753103420661e-01
1.032915574499910366e-01
1.774884516822540226e-01
-1.248321831674830351e+00
-9.284728902720101873e-02
3.946522805936166778e-01
-1.494499007604919161e-01
-9.290743502002805909e-02
-1.699489323322944445e+00
-3.388911812796754908e-01
1.523702696570357062e-01
1.302140328557696680e+00
-1.748724781471837408e+00
2.409407871239064580e-01
-3.692719804672902617e-01
-6.238462448649938485e-01
5.711698575831818392e-01
6.314608503489085312e-01
-1.174911213091555107e+00
4.800811844269177731e-01
1.532997523244804317e+00
1.630873302217533460e+00
6.367892019058300768e-02
4.581740520957036655e-01
-8.509704038301818541e-01
-5.253130492415147845e-01
-1.194999419805649499e+00
1.889296323007480405e+00
2.224007280736123304e-02
3.534060873468263253e-01
-3.626915588205710250e-01
3.284105192557315034e-01
3.864916939649057359e-01
-5.478194996571580377e-01
4.303835689198503567e-01
2.198015476124060008e-02
-2.386400611016447737e+00
4.464397487168371148e-01
8.538534089950966521e-01
3.731929053896292370e-01
-2.102389524868857225e-03
-6.956885985339771317e-01
-1.869980888451470147e-01
2.556851794254731969e-01
1.573767409904077985e-01
-1.079506739479723754e+00
4.426756833642531141e-01
-4.346042604815682497e-01
1.818339775615526177e-01
-6.218498299183382594e-01
2.471438270297862783e+00
-1.539318460148622336e-01
-4.501810611878825918e-01
-7.501056990111873990e-01
-6.762107062408706515e-02
1.510852542111545266e-02
3.199830860682413847e-01
1.144832082196312883e-01
2.701058521078528729e-01
-2.588491480501998510e+00
-4.362920975214535368e-01
3.885807020783512700e-01
-3.367277062841510515e-01
-5.097373162014688652e-02
2.487612284195795276e+00
-3.271040499023894488e-02
-1.439017209843841683e-01
-2.359616998100479979e+00
-8.561804491037833253e-01
-1.766114590731072687e+00
1.882518538494815097e-01
-8.803313990228440744e-01
-1.548538246378702965e+00
-1.385843786734115568e+00
4.719070470782024684e-02
-7.501518649151506235e-01
-5.802792053179370857e-01
1.341960741283489966e-01
-3.956043403549597270e-01
-3.188322761750837786e-02
7.719121141493141547e-01
-1.390628644651813461e-01
1.052744786829937329e+00
-6.735044021750873078e-02
-6.541861778833570895e-01
-4.045705928090649328e-01
6.525977061247892896e-01
-8.489063510752049568e-01
4.550664899907220118e+00
-9.362874377806134074e-01
-6.878100779453680813e-01
-7.640442192875892546e-01
-1.954112370482870009e-01
6.750158479780945520e-01
-6.368394664771476199e-01
7.524020550769061622e-01
3.848383746309515241e-02
-7.840656576370550468e-01
-4.379573057005299863e-01
-1.190021638593556225e-01
-1.964570159266563476e-01
-1.167767564923026524e-01
-3.104343354107263475e-01
-4.535871804657216622e-01
-2.639553235700985989e-01
-3.532858217088661323e-01
1.744981020934524840e-01
-4.865928976113259585e-01
-1.132886537742697541e+00
-2.108904411358491604e+00
7.469766618681306092e-02
5.005106355759709746e-01
8.285424914208575631e-01
8.157726856358158418e-01
4.857388158035953751e-02
-5.115521318812997764e-01
7.835654341500497555e-02
3.655280702372410317e+00
3.906598522618613956e-01
-1.479018083913486159e-01
3.204391594759016804e-01
2.391372226442390225e+00
-7.474165617891617153e-01
9.173359373619626167e-01
-7.359989200343122207e-01
4.082424527902720479e-01
-3.624633307236560409e+00
2.278944866778436662e+00
3.983432498398234989e-01
-7.071715291160215466e-01
1.102223610958791067e+00
2.379379667689005995e+00
1.284498961093544223e+00
-1.485662241320761190e+00
-1.103018074286083783e+00
1.474479124121164997e+00
1.380224153474787219e-01
4.020550503050234203e-01
2.198767029717106247e+00
-1.235226680225752910e-01
8.705024186200576164e-01
-4.005763548194649637e-01
-1.206179700237949737e+00
2.630524519659658833e-01
1.908858218239426474e-01
3.617598741279250962e+00
6.514913307624812244e-01
-1.066814041218452358e+00
-6.567219820278477060e-01
-2.698597645023783631e+00
-1.344961918593007288e+00
4.745865724822991294e-01
1.360714219981173922e-01
-9.727384296813452735e-01
-9.559125138029797575e-02
1.087072046109891499e+00
2.653239801200673459e-02
7.932765599474064899e+00
1.415675128158115359e-01
2.620479199534895276e-01
1.399317743607438880e+00
-7.077071000073249518e-01
-4.480497667260265882e-01
-1.317581374119257243e+00
2.204991564995137487e+00
1.053291437500906147e+00
1.112397688176736565e+00
-4.190630432667647121e+00
-1.107868472668860627e-01
-3.070549268037755380e-02
6.971994391666226643e-02
1.314884617826799440e+00
-1.259012678021844689e-01
-7.853749422823865789e-01
-1.626379800221169347e-01
5.407656915007464926e-01
1.611615155126663312e+00
-6.963661702450294477e-01
-1.462165330985413680e+00
-1.930813593168102527e-01
4.349503708665312662e-01
-1.356482244916306645e-01
1.071716192397166451e-01
1.603330302232576665e+00
-4.649697263753528320e-01
8.495395576893373102e-01
7.881498649909075560e-01
-1.964798052848349963e-01
