2.823639211813991778e+01
2.289347756595761396e+01
4.278560743157817825e+01
4.278560743157817825e+01
4.278560743157817825e+01
6.796594760860358519e+01
4.278560743157817825e+01
4.299489804432481321e+01
5.005405108241143353e+01
5.470269372496285598e+01
5.470269372496285598e+01
5.470269372496285598e+01
3.097738303721707709e+01
5.680345193447902830e+01
4.450386141921357819e+01
5.677776146649522104e+01
5.677776146649522104e+01
5.690584147654938363e+01
5.691813681236170197e+01
5.691813681236170197e+01
4.989584741910266530e+01
