-1.049341024678507456e-01
-7.566301072681868023e-01
-1.667899944488995922e+00
-2.314073101791024101e+00
-7.897671922580346004e-01
-4.307821048680189335e-01
-1.435940349560062890e+00
-1.419258547698282191e+00
-9.554526172072723700e-01
-1.032772482183583529e+00
-8.670870572343456484e-01
1.457284446079401552e-01
-6.516960048003360706e-01
-9.943276662327766857e-01
-1.629455128538189301e+00
-7.124473272817235525e-01
-8.284271247461902354e-02
-1.767311199458538318e-01
-7.290158697766473406e-01
-8.449956672411136349e-01
-7.234930222783391152e-01
