-1.860975822537870972e+00
4.231718758542600156e+00
8.852193453076962371e+00
1.684374599457619226e+01
2.393927515238987169e+01
2.668220464919693313e+01
2.668220464919693313e+01
2.668220464919693313e+01
2.668220464919693313e+01
2.668220464919693313e+01
2.668220464919693313e+01
2.668220464919693313e+01
2.668220464919693313e+01
2.668220464919693313e+01
2.668220464919693313e+01
2.668220464919693313e+01
2.829084591808652860e+01
2.829084591808652860e+01
3.059816939145756720e+01
3.136859954446790510e+01
3.136859954446790510e+01
