
GEN Mean fit Std Best Ave life
0 12.215952 18.38137 30.597323
1 30.597323 0.0 30.597323
GEN Mean fit Std Best Ave life
0 51.998914 39.773465 91.772379
1 91.772379 0.0 91.772379
GEN Mean fit Std Best Ave life
0 -5.796058 0.0 -5.796058
1 -5.796058 0.0 -5.796058
GEN Mean fit Std Best Ave life
0 34.785364 40.569189 75.354553
1 34.785364 40.569189 75.354553
GEN Mean fit Std Best Ave life
0 -5.664724 0.131334 -5.533389
1 -5.533389 0.0 -5.533389
GEN Mean fit Std Best Ave life
0 -5.870739 0.074681 -5.796058
1 -5.870739 0.074681 -5.796058
GEN Mean fit Std Best Ave life
0 3.216217 9.009231 12.225448
1 -5.783783 0.009231 -5.774552
GEN Mean fit Std Best Ave life
0 -5.783825 0.0 -5.783825
1 -5.783825 0.0 -5.783825
GEN Mean fit Std Best Ave life
0 -5.841081 0.045023 -5.796058
1 -5.796058 0.0 -5.796058
GEN Mean fit Std Best Ave life
0 42.412099 47.725305 90.137405
GEN Mean fit Std Best Ave life
0 -5.260012 0.012988 -5.247024
1 -5.247024 0.0 -5.247024
2 -5.247024 0.0 -5.247024
3 -5.247024 0.0 -5.247024
4 -5.247024 0.0 -5.247024
GEN Mean fit Std Best Ave life
0 8.214342 13.487341 21.701683
1 8.214342 13.487341 21.701683
GEN Mean fit Std Best Ave life
0 -4.220719 1.942065 -2.278653
GEN Mean fit Std Best Ave life
0 -4.224598 4.596089 11.755013
1 -0.704317 6.089048 11.755013
2 3.442649 6.074186 11.755013
3 8.479551 4.468892 20.967311
4 11.895511 5.198652 20.971485
5 18.353493 7.546717 37.725041
6 24.723235 8.064685 37.725041
7 32.356577 6.305225 37.725041
8 36.758236 2.246051 37.725041
9 37.578532 0.759902 37.725041
10 37.725041 0.0 37.725041
11 37.725041 0.0 37.725041
12 37.725041 0.0 37.725041
13 37.725041 0.0 37.725041
14 37.725041 0.0 37.725041
15 37.725041 0.0 37.725041
16 37.725041 0.0 37.725041
17 37.725041 0.0 37.725041
18 37.725041 0.0 37.725041
19 37.725041 0.0 37.725041
20 37.725041 0.0 37.725041
GEN Mean fit Std Best Ave life
0 -3.068211 8.712192 36.429062
1 0.74078 9.919831 36.429062
2 1.487096 9.029731 31.583222
3 4.912813 9.120952 20.976154
4 11.51442 9.170548 28.32559
5 15.799856 10.426914 42.066596
6 19.694517 11.009619 45.337633
7 21.14214 11.142717 45.337633
8 26.294486 12.554903 51.076635
9 24.419083 9.895023 42.614492
10 26.545149 6.04685 42.066596
11 29.783267 7.639325 47.298549
12 28.720572 10.353394 47.298549
13 31.451909 8.330557 59.359443
14 34.548043 9.184243 60.748313
15 32.25573 10.865651 49.591796
16 34.458046 11.24104 56.09477
17 35.905264 10.303325 56.869598
18 36.158611 12.10609 56.869598
19 38.760508 11.525953 59.010869
20 41.443524 8.149372 61.284633
GEN Mean fit Std Best Ave life
0 -2.520064 7.655734 21.52846
1 0.517201 9.024938 21.52846
2 4.281238 9.939911 21.52846
3 10.310785 11.247132 37.257375
4 17.582519 8.905789 37.257375
5 23.6524 6.359293 37.257375
6 26.347259 6.541251 37.257375
7 31.061929 7.514357 49.920814
8 35.273438 7.600423 49.920814
9 39.219196 7.862368 77.646663
10 39.825478 5.296724 51.07668
11 42.881576 5.705495 51.07668
12 44.445136 5.663456 49.920814
13 46.402518 6.028931 49.941955
14 49.388823 1.823401 49.941955
15 49.922928 0.006342 49.941955
16 49.92166 0.004143 49.941955
17 49.922083 0.005021 49.941955
18 49.923351 0.00687 49.941955
19 49.925465 0.008758 49.941955
20 49.929693 0.010434 49.941955
GEN Mean fit Std Best Ave life
0 -2.161124 7.994176 20.961352
1 7.583203 10.429067 20.961352
2 14.515328 7.602874 21.57609
3 19.691536 3.165378 21.57609
4 21.072136 0.236115 21.57609
5 21.13374 0.275857 21.57609
6 21.355439 0.294207 21.57609
7 21.539468 0.144958 21.57609
8 21.57609 0.0 21.57609
9 21.57609 0.0 21.57609
10 21.57609 0.0 21.57609
11 21.57609 0.0 21.57609
12 21.57609 0.0 21.57609
13 21.57609 0.0 21.57609
14 21.57609 0.0 21.57609
15 21.57609 0.0 21.57609
16 21.57609 0.0 21.57609
17 21.57609 0.0 21.57609
18 21.57609 0.0 21.57609
19 21.57609 0.0 21.57609
20 21.57609 0.0 21.57609
GEN Mean fit Std Best Ave life
0 -3.708976 6.058455 16.472831
1 1.764426 9.099108 21.136276
2 9.049938 9.346558 22.713878
3 14.436606 7.089054 22.713878
4 18.31848 4.286067 26.459774
5 19.303085 4.975608 26.459774
6 22.015101 2.359159 26.459774
7 24.229871 3.046353 36.537204
8 25.279449 3.368387 36.537204
9 27.255528 3.621603 40.769935
10 28.775126 4.324179 40.769935
11 30.684543 4.903919 36.537204
12 34.25055 4.342988 41.329706
13 36.66466 0.985528 41.329706
14 36.633054 0.67095 41.329706
15 37.441164 2.791928 49.551194
16 37.961723 3.654765 49.551194
17 40.334189 5.618312 53.728858
18 42.907974 5.720702 53.728858
19 48.084655 5.529463 57.574209
20 51.431594 3.078076 57.574209
GEN Mean fit Std Best Ave life
0 -3.227247 6.632399 21.666681
1 0.000778 8.276179 21.666681
2 5.880412 11.87949 49.976077
3 13.052587 10.968052 40.045372
4 20.07498 10.407653 40.045372
5 21.534504 6.566597 35.539058
6 22.559184 6.51103 35.539058
7 23.877677 6.954912 35.848434
8 26.067688 8.249656 56.41005
9 26.778518 5.881133 35.539058
10 28.001793 6.215749 35.539058
11 28.024767 6.898927 35.539058
12 30.789012 6.913891 35.539058
13 32.284396 7.307788 35.539058
14 35.539058 0.0 35.539058
15 35.539058 0.0 35.539058
16 35.539058 0.0 35.539058
17 35.539058 0.0 35.539058
18 35.539058 0.0 35.539058
19 35.539058 0.0 35.539058
20 35.539058 0.0 35.539058
GEN Mean fit Std Best Ave life
0 -4.037215 8.03702 21.057954
1 -0.298481 7.762392 19.749508
2 3.555352 8.166709 21.013978
3 6.875913 6.79487 21.013978
4 8.57145 4.68515 20.770052
5 11.676098 5.185245 20.770052
6 13.68411 5.320668 33.936081
7 17.037973 7.827899 40.797453
8 18.309347 5.647898 40.797453
9 23.726636 9.94124 58.954991
10 25.37003 10.252042 58.954991
11 26.251068 8.623201 42.633776
12 24.851645 9.901314 42.633776
13 27.344535 9.319832 42.633776
14 25.797373 9.291245 46.87913
15 25.195141 7.281902 46.87913
16 24.983325 6.698557 41.29067
17 25.256249 7.228265 49.573934
18 29.190802 8.827292 49.573934
19 31.099389 11.614089 55.986852
20 31.440001 10.238065 55.986852
GEN Mean fit Std Best Ave life
0 -2.851787 9.285007 37.20837
1 -1.013381 8.809874 34.416171
2 5.917666 10.537191 24.608636
3 8.486149 10.689853 30.137461
4 14.019314 8.613072 24.913069
5 19.036222 7.211148 35.446231
6 18.650795 10.799836 53.686924
7 21.464964 9.016115 42.99031
8 18.991212 9.588622 42.99031
9 24.039277 11.994163 56.921863
10 23.45902 7.796241 56.921863
11 26.283062 11.21959 58.951422
12 25.913563 10.425619 58.951422
13 22.710038 6.786154 41.615179
14 22.841112 5.241857 34.920087
15 23.105913 4.9921 42.893917
16 24.76887 8.226125 59.11923
17 22.7229 6.979732 50.0041
18 24.338143 7.062249 42.776172
19 26.028161 8.449964 56.833397
20 25.105341 7.909493 48.799485
GEN Mean fit Std Best Ave life
0 -3.182491 7.115491 20.961352
1 -1.520643 7.592369 20.971181
2 2.093016 8.563864 20.971181
3 8.074922 8.160103 20.994515
4 14.457395 5.108052 20.994515
5 18.483233 4.075466 20.994515
6 20.871437 2.434838 28.687298
7 21.455148 1.827176 28.687298
8 21.763326 2.307993 28.687298
9 24.071628 3.768679 28.687298
10 26.681762 3.365282 28.687298
11 28.687298 0.0 28.687298
12 28.687298 0.0 28.687298
13 28.687298 0.0 28.687298
14 28.687298 0.0 28.687298
15 28.687298 0.0 28.687298
16 28.687298 0.0 28.687298
17 28.687298 0.0 28.687298
18 28.687298 0.0 28.687298
19 28.687298 0.0 28.687298
20 28.687298 0.0 28.687298
GEN Mean fit Std Best Ave life
0 -1.860976 8.162757 28.236392
1 4.231719 9.577725 22.893478
2 8.852193 12.043621 42.785607
3 16.843746 13.105787 42.785607
4 23.939275 10.500833 42.785607
5 26.682205 10.754239 67.965948
6 22.927708 7.90348 42.785607
7 23.26352 8.573025 42.994898
8 23.549404 7.782228 50.054051
9 24.613898 9.688987 54.702694
10 26.123489 10.707352 54.702694
11 25.266864 9.334865 54.702694
12 21.620753 3.020099 30.977383
13 25.68351 8.149038 56.803452
14 25.962135 8.808515 44.503861
15 26.398585 8.871818 56.777761
16 28.290846 9.499462 56.777761
17 27.205122 11.334854 56.905841
18 30.598169 12.10963 56.918137
19 31.3686 12.188792 56.918137
20 30.468564 11.538375 49.895847