8.162757415243975245e+00
9.577725296441391478e+00
1.204362076059709175e+01
1.310578735388843796e+01
1.050083280504916061e+01
1.075423943159791484e+01
7.903480371681506966e+00
8.573024692653767431e+00
7.782227744830024996e+00
9.688986547513316339e+00
1.070735207864630212e+01
9.334864876538924605e+00
3.020098788432537873e+00
8.149038461988952875e+00
8.808515488236915658e+00
8.871818118235024642e+00
9.499462207207766795e+00
1.133485392078053700e+01
1.210962964289183219e+01
1.218879231659300366e+01
1.153837538250486539e+01
