1.288200618758324367e+01
1.291859563501553509e+01
1.300956741322126398e+01
4.851936107665801501e+01
4.851936107665801501e+01
5.652302763711032441e+01
4.843165549623889632e+01
3.940157804100162764e+01
6.643931836898445908e+01
6.643931836898445908e+01
7.541275134159974414e+01
3.958835394814496311e+01
5.763402398497815682e+01
5.762472159231582935e+01
5.726665872310225325e+01
5.726665872310225325e+01
5.726665872310225325e+01
5.726665872310225325e+01
6.613353194306669991e+01
6.613353194306669991e+01
6.613353194306669991e+01
