-5.076208383228595356e-01
5.594230628333596300e-01
3.122467195657535832e+00
8.446826931743245392e-01
-4.809056581099602767e-01
-4.495101373335086414e-01
3.131589071970394822e-02
6.606847314721444597e-01
2.178942509069885514e+00
3.202683067311772880e-01
3.821946557078464424e-01
-5.018854441025961677e-01
2.669231933209769148e-01
-3.209024704742564071e-01
-6.003681672628107258e-01
-1.567695229896993947e+00
4.105371513036660258e-01
3.770241223264066743e+00
-5.413254979212226425e-01
-1.074159711523867688e-01
7.624819433514676281e-02
-9.663915994461994563e-01
2.270546602613027876e+00
1.427038705820681264e+00
8.908487197137460178e-02
4.560510241946164611e-01
3.778588561636901377e-01
-3.161231437641197628e-01
-5.977513077471608982e-01
2.856311980250773597e-01
-9.846405595633394014e-01
8.010457518776058494e-01
3.450140161801673044e-01
-5.969556080681015509e-01
-7.993224913492659178e-01
1.379001500382738277e-01
5.636258375809961585e-01
2.336951099218731898e+00
-1.084856939426082079e+00
-1.132148042290111789e+00
1.399712455160768976e-01
-3.919592002922170915e-01
2.463279821082297594e-01
9.037730237415869672e-01
-8.948323974017117211e-01
-3.133701842782603275e-03
3.948813281856229818e+00
-9.342586120180639275e-01
-3.521971813779337102e-01
-6.945608582212408066e-01
-9.176543739005287303e-01
6.082034785527017373e-01
-6.320366067025586787e-01
-5.811004403868464951e-01
-1.493722947876349183e-01
-1.059555210204809472e-01
-1.036935952446602194e+00
1.270358039010214712e+00
-2.870152306616593693e-02
8.441903563337189720e-01
1.860208474796971601e-01
3.816795498544238718e-01
2.080441815183837473e-01
-8.719593193789898500e-01
1.945580178860840226e+00
5.652923862239358499e-01
1.149953421673815424e+00
8.327265999088313830e-02
-9.462931394536187035e-01
-5.288670924520153527e-01
-3.633795612231359717e-01
3.182927907103960674e-01
-1.389834764563885106e+00
1.868974550948482305e-02
7.379516924503470854e-01
7.848241361549949113e-01
3.249553178854986402e-01
3.489035812894163424e-01
7.405458400223410287e-01
-3.455085685240152360e-01
3.269531354506640120e-01
-6.434517997745258233e-01
3.575398474725036690e-01
2.715245817830007624e+00
-3.223430597457959679e-01
7.326621316536474637e-02
-3.174627681401948065e-01
3.170379213382518852e-02
6.309614099776659213e-01
2.567291027637644829e-01
1.816412008101163933e-01
9.927541584676717878e-01
-8.146777821373127892e-01
-5.851270287136040027e-01
-5.694923762409855872e-01
-3.616342192666079924e-01
-6.046826157281073311e-01
4.331843779769705693e-01
-1.737470501475651963e-01
-1.087602256633944720e+00
3.734688513523279352e-02
-3.202807429620979640e-01
7.114318785880082707e-01
1.706709580072932053e-01
-4.670279978261091536e-01
1.220311784504835906e+00
3.021122383556740787e-01
1.292064437577155944e+00
5.108553913679574343e-01
-1.674496678023045693e+00
-2.764007198915139352e-01
4.889261573117809068e-02
6.072458186901205091e-01
-6.398442473102643469e-01
-4.203288423812905350e-01
1.096965734906897527e+00
1.691680628952118237e+00
1.869117982357394236e+00
1.246307392177109064e+00
-7.568382142522070977e-01
3.031679424879161200e-01
-6.778770890392998849e-03
7.239076818524299572e-02
8.211293082649371300e-01
-9.224617202012070916e-01
-1.457295454456528361e-01
1.859182723358249745e-01
-1.231368332654364794e-01
7.103972751742069214e-01
6.970146586583632065e-01
-1.662321759230539930e+00
-6.976224120419840524e-01
-1.414381968461812245e-01
-1.149929995115179654e-01
5.709888713159660956e-01
7.739202159072742226e-01
-3.711611468629076316e-01
2.823112394396980196e-02
-4.242684521250755791e-01
-4.922459131413796651e-01
-8.810203583576338149e-01
-5.131772455381363729e-01
-3.757816212629314645e-01
-3.383546770422026229e-01
1.840109809357366677e+00
-3.778334546993391552e-01
1.786365911133555584e-03
-1.230494571532949832e+00
-1.416833161371989225e-01
-1.105626565352059609e+00
1.045696476489709870e+00
-5.896322924471518734e-01
6.503802072607339779e-01
2.890475470088588850e+00
-4.742444656367673650e-01
3.023878103213512025e-01
-5.317068461696939918e-01
-9.758657660698301095e-01
1.144792709816174203e-01
1.984568352152937531e-01
1.062139570953713752e-01
-1.228463064954707029e+00
9.544643877042299218e-01
8.263894378597822499e-01
2.222250390854418889e-01
2.746807171773394396e-01
-7.718337944155111430e-01
1.403539944429285979e+00
2.760756648393333790e-02
1.233457456039583344e-01
-1.637366383271092185e-01
-2.368178234398837789e-01
4.928550099723786465e-02
-2.135022564138948920e-01
9.745013480605638767e-01
-2.362350085206337824e-01
-2.611376255209099106e-01
8.354423578098724157e-01
-1.304439264577377688e+00
3.878131439116594414e-01
5.400276480852966854e-01
9.429341698562481167e-01
2.481252997320709808e-02
-8.364913483431662966e-01
-5.267296991383900728e-01
-3.683017935993608383e+00
-3.296388876896639425e-02
3.786301255696253865e-01
-2.694064067488298742e-01
-3.318750344237194061e-01
2.218734753553855132e-01
1.161172162462576374e+00
5.826682883007340275e-01
5.064178517650107514e-01
1.026569630538110234e+00
1.518334740218852064e+00
1.671450685546584713e+00
-2.104828344594720679e+00
6.251819228164137154e-01
2.242530264431051301e-01
-1.757267913674439574e+00
7.008516314926531710e-01
5.106769565660310706e-01
3.189304941513868563e-01
6.791847241916491029e-01
-8.318411205794380425e-01
-8.326579465439030159e-01
-2.172026678556749912e-01
6.381471607084105990e-01
3.208349108188502941e-01
-9.151485282294284929e-01
-8.642920612565579974e-01
-7.789645954762154378e-01
9.699697576922661213e-01
3.602098184686740590e-01
-6.527651346855077585e-02
-5.532417745567205225e-01
-5.387615602792605873e-01
5.675522140373531199e-01
8.007697465247622937e-01
-5.179535298075836902e-01
-1.337211985425564409e+00
6.094772591762220859e-01
-5.078262435896306881e-01
5.877943707457589095e-02
-7.819959618876253238e-01
-2.216287033438724130e-02
1.658685249933919414e-01
1.552434143200804861e+00
1.419995597547954569e+00
6.290525014240039292e-01
1.458429931185313944e+00
-3.555079789414852809e-01
1.069299778021977732e+00
-2.549920707619068860e-01
2.725435574122460347e-02
8.367113621492869857e-01
1.221309335700247356e+00
1.182608911862790491e+00
6.260012566362872510e-01
-8.964622264878493452e-01
4.686797102514653895e-02
-5.214226122660287760e-02
-1.637726506748937716e-02
1.008984317801535191e+00
4.200572499625649381e-01
2.040863127474664696e-01
-5.304975948468237945e-02
-1.604139356590423393e+00
-4.502218183146122765e-01
5.261020680278990502e-01
-6.676820656369399920e-01
7.792694332862707407e-01
9.972465190214246933e-01
1.350911254782168058e-02
-6.985529039159206199e-01
2.191152574464103608e-01
-5.641098915327085184e-01
-2.914425770214399414e-01
-6.867588340890493637e-01
-2.238245736215228321e-01
3.546463063157132556e-01
-3.582044553143051147e-01
1.542650632910183894e+00
5.560336646970998054e-01
