
GEN Mean fit Std Best Ave life
0 40.965471 46.761529 87.727
1 -5.578703 0.045314 -5.533389
2 -5.624018 0.0 -5.624018
3 -5.624018 0.0 -5.624018
4 -5.624018 0.0 -5.624018
5 -5.624018 0.0 -5.624018
6 -5.624018 0.0 -5.624018
7 -5.624018 0.0 -5.624018
8 -5.624018 0.0 -5.624018
9 -5.624018 0.0 -5.624018
10 -5.624018 0.0 -5.624018
11 -5.624018 0.0 -5.624018
12 -5.624018 0.0 -5.624018
13 -5.624018 0.0 -5.624018
14 -5.624018 0.0 -5.624018
15 -5.624018 0.0 -5.624018
16 -5.624018 0.0 -5.624018
17 -5.624018 0.0 -5.624018
18 -5.624018 0.0 -5.624018
19 -5.624018 0.0 -5.624018
20 -5.624018 0.0 -5.624018
GEN Mean fit Std Best Ave life
0 -4.722599 4.37678 12.882006
1 -1.756794 6.687943 12.918596
2 5.313362 8.831141 13.009567
3 14.05162 12.560486 48.519361
4 16.387624 12.10983 48.519361
5 18.13879 14.531406 56.523028
6 18.923396 10.508922 48.431655
7 15.722323 7.134236 39.401578
8 17.528871 15.050226 66.439318
9 21.085798 17.518247 66.439318
10 22.01088 17.746209 75.412751
11 14.160686 7.561846 39.588354
12 17.605736 9.582842 57.634024
13 21.882767 14.871985 57.624722
14 20.07346 11.545846 57.266659
15 21.623383 12.49566 57.266659
16 28.006162 14.561195 57.266659
17 27.419573 14.322358 57.266659
18 29.140818 13.180101 66.133532
19 35.767657 14.616463 66.133532
20 33.096011 13.053728 66.133532