4.376780179700236140e+00
6.687943468392895774e+00
8.831140817097098861e+00
1.256048561703465793e+01
1.210983013700740862e+01
1.453140583326879209e+01
1.050892243852668351e+01
7.134235946024636732e+00
1.505022561546682880e+01
1.751824735483338458e+01
1.774620919452273426e+01
7.561845642881657170e+00
9.582841891435782244e+00
1.487198482157506518e+01
1.154584634086680595e+01
1.249565958089028328e+01
1.456119468913939841e+01
1.432235779646392082e+01
1.318010109569285859e+01
1.461646322762653050e+01
1.305372833540095634e+01
