-2.095128516729960921e+00
6.566750590508735996e+00
1.461557147091342301e+01
1.450159219954382728e+01
1.219654048214095887e+01
2.405447046681949530e+01
2.127191546582244541e+01
2.380454250749748013e+01
2.363999893412983155e+01
2.615942941701470659e+01
2.877388181301594017e+01
2.656320273062933524e+01
2.399315342727374301e+01
2.457751969601480013e+01
2.430718384992859527e+01
2.379158570356528912e+01
2.509357961263641812e+01
2.589909193345317817e+01
2.510483763794762879e+01
2.967046497611800149e+01
2.681281915839807439e+01
