8.026517410070301395e+00
1.530028264303197005e+01
2.343670501061534139e+01
1.868367791549219348e+01
1.480830882877995158e+01
1.425817344245913354e+01
8.284158134311129018e+00
1.079213307464613969e+01
7.866639893516097715e+00
1.258751603690645560e+01
1.418091341796367288e+01
9.966203324428221322e+00
5.489537380516657628e+00
6.429187213159643477e+00
5.589564146341008843e+00
4.483867523485686846e+00
6.952250711586987819e+00
9.456257870937788468e+00
7.911552307268616246e+00
1.288836189125909470e+01
8.829053201616684277e+00
