6.577346333071253071e+01
6.575002475774051902e+01
5.677544157072463804e+01
6.574424995824662687e+01
8.456755198344947644e+01
6.588410787451697104e+01
8.459342407327507374e+01
8.606660195700335692e+01
6.574233241211736356e+01
6.577346333071253071e+01
5.688190280195865256e+01
7.474617118842452612e+01
5.717105438238979076e+01
6.574617118842452612e+01
8.601173587691741318e+01
8.601173587691741318e+01
8.601173587691741318e+01
8.524302101441445245e+01
6.576951855242151623e+01
8.484726730529590100e+01
8.719140997390337589e+01
