1.564795561999213491e-01
-5.318791215327802746e-01
-6.563416961118468951e-01
7.029419727639564242e-01
1.000000000000000000e+00
1.040900758146725558e-01
-1.000000000000000000e+00
-3.639341815855837714e-01
3.235656553141729730e-01
2.092215771212110609e-01
2.198810576839789477e-01
-1.000000000000000000e+00
4.227550377631825729e-01
-3.527905097463628348e-01
1.475335161377766546e-02
1.910072199790562308e-01
5.687191349150165776e-01
5.001956622703687128e-01
1.620349070204993858e-01
8.632263036793540456e-01
-4.199778736282286928e-01
-1.901863430249481068e-01
7.741652517218384766e-01
3.929988889584055123e-01
-1.788982554253928936e-01
4.863492308148476551e-01
-1.000000000000000000e+00
5.858488429055815905e-01
7.744238166013416302e-01
-8.682983667897715696e-01
7.385789187962545910e-01
2.759417765570794656e-01
-2.153199964067464833e-02
-5.853288872815246568e-01
-4.781590077623254498e-01
1.555799517674488763e-02
-3.703282012898261311e-01
2.467407368606422957e-01
-7.993400009650135640e-01
-4.849415743936053014e-02
3.179014003734935701e-01
1.000000000000000000e+00
1.918863741967673509e-01
6.153035560902206935e-01
-3.531509214784998574e-01
-5.309454889816769274e-01
-1.084361369439117428e-01
8.682331549719806141e-01
4.881701788377786899e-01
2.069209825340818654e-01
-3.750926581953402117e-01
-5.277205970891984954e-03
-6.733846217719241523e-02
-1.611586230424094657e-01
7.774744229464236600e-01
-5.546037502547516151e-01
5.043149592076943133e-01
1.366185279939144959e-01
8.555027123184717475e-01
1.048600745436417681e-01
7.686132803818528370e-01
6.886366138928228242e-01
-1.000000000000000000e+00
-1.000000000000000000e+00
-6.414789693687084071e-01
-1.831062771509537335e-01
6.471623540247772866e-01
-2.365008115893565410e-01
2.584991631413897928e-02
-4.227977917349056147e-01
-2.428504581955009400e-01
-7.147105408920311209e-01
-1.416495557173114705e-01
3.939667602887716447e-01
7.221019184929758916e-01
-1.029407705569764797e-01
8.234042609444293115e-01
-1.461204087340169100e-01
4.014752618099041714e-01
-2.913658398032299424e-01
1.778271420261124391e-01
-4.834549518655227307e-01
-5.006474541624490737e-02
-1.474951111428078332e-01
1.000000000000000000e+00
-9.130191639843799889e-01
8.574861938442586151e-01
-8.595621514756340842e-02
-3.725887683688047791e-01
4.379270953785766585e-01
-2.047303536532515400e-01
2.335580370049826771e-01
-3.226112587554971212e-01
-2.825109555437644859e-01
2.362867212144832141e-01
-2.957211934404885834e-01
-4.118194116091794532e-01
8.770195167239758227e-02
-9.282129968180052870e-02
-2.600248413467476372e-01
6.173184653043312098e-01
-2.651435962350150444e-01
1.145933946310634388e-01
5.751273734739494881e-01
-1.000730432603878090e-01
1.625907945593996762e-01
4.106639439703635430e-01
-4.595896438747870683e-02
3.193808234270168467e-01
6.060970313560374301e-01
-2.367565544311640569e-01
-9.580795540869828653e-01
3.163332343536205959e-01
-1.000000000000000000e+00
4.175765108812380944e-01
-1.424404500399166773e-01
3.413555024667243032e-01
1.000000000000000000e+00
5.042475645206095924e-02
3.459424072040193643e-01
4.095657547469902515e-02
-6.246774594216051302e-01
-9.652627831483809873e-01
5.646581766513893985e-01
-1.000000000000000000e+00
-6.006889615126906889e-01
-1.163820413657755681e-01
-4.482967573011218954e-01
2.571079926719949116e-01
8.991987114690254412e-02
1.062829781190882394e-01
-1.000000000000000000e+00
5.265597305006866069e-01
8.459826763125329885e-01
-9.505481181506048038e-01
6.485125944546867860e-01
-5.488888989798526019e-01
-1.000000000000000000e+00
2.671338504284800908e-01
-2.656985558888543819e-01
4.276680281996658173e-01
2.502240562466752638e-01
3.651433412403199963e-01
8.727559004935269149e-01
-1.000000000000000000e+00
2.741268716020480167e-01
-1.000000000000000000e+00
-9.794785998445096342e-02
1.258772307328304696e-01
5.783663059079398039e-01
-8.705668935211673398e-01
-1.000000000000000000e+00
6.691301341439034323e-01
-9.060022955385966803e-01
3.620475648995933327e-01
-6.364281979971571079e-01
-3.679629870982867867e-01
2.462042290909796094e-01
-1.894538458967617855e-01
-5.179077452096689793e-01
4.129137023136436602e-01
7.739799116564832770e-01
-2.776022461980609535e-01
-8.605875281940046362e-01
2.665216978515478896e-01
-5.578738113279259059e-01
-7.510805084621809957e-01
-3.029253638649158642e-01
-3.569341678604864843e-02
-9.524058726576051237e-01
2.457133384068483362e-01
-8.602129600907488793e-01
3.786502827338503741e-01
-4.627294654182604328e-01
4.416224989620617380e-01
8.000897151964061482e-01
7.902070932512821333e-01
-4.500477317425066737e-02
-6.036167391866200660e-01
-1.000000000000000000e+00
-1.000000000000000000e+00
4.903743700259017846e-01
1.044979634154905856e-01
3.341971901753270635e-01
-5.791536520397844168e-01
-2.883000848826987594e-01
8.701457621037697598e-02
7.484457583935459901e-01
7.656447439970570645e-01
-9.758860258638651919e-02
-6.792904177322196535e-01
-7.697952743648732721e-01
-3.524527588077997625e-02
5.917006679611254150e-01
8.810682239189524534e-01
2.633643898935796313e-01
5.550230900689228086e-01
6.750825170551322252e-02
-8.610232169096563304e-01
3.383605622836197147e-02
-9.290090091560748720e-01
-1.175680171878281111e-01
-7.022755796572875964e-01
-5.545087233496737156e-02
-1.688892515131177330e-01
1.326315763450403584e-01
3.580419144654893859e-01
8.414198717377576742e-01
2.684479075841896822e-01
3.219362006627244921e-01
5.539456422039168437e-01
-1.000000000000000000e+00
1.588708146127657261e-01
9.401954914251136053e-01
-7.032690511954936552e-01
7.391446871797624496e-02
-2.718409319718945172e-01
7.769954126054661181e-01
-3.359412764131847196e-02
-7.165107981879240695e-01
1.755348034483736330e-01
-9.438272407035481759e-01
9.736111361818244880e-01
-1.000000000000000000e+00
7.619117228383637253e-02
-7.129152332368322575e-01
-9.973705592695406019e-02
-7.671773504476970817e-01
6.856968274208993797e-02
3.790553485702027187e-02
5.627297297700627199e-02
-5.778217699334313728e-01
3.477851402687092142e-01
1.992545709876135662e-01
-5.675167966157894650e-01
-3.695825201552182526e-01
-5.759222789590559555e-02
-7.363230303976250335e-01
-6.765916960803848301e-01
4.486605788049901067e-01
-8.053553156289230408e-01
5.517391327952549940e-01
-5.407141072452499309e-01
-1.000000000000000000e+00
7.770079537832491612e-01
-1.349620652426962164e-01
-9.853622113492437329e-01
5.276512026170464553e-01
8.462719536047664803e-01
4.895037020677526218e-01
-5.236608115243956973e-01
-8.244543711270486686e-01
-5.683838233815485808e-01
8.182216587707755728e-01
1.908503700448356266e-01
-8.065073656643440003e-01
2.508462729388273305e-01
2.658195654966411525e-01
8.461101776936784669e-01
2.316007492870053586e-02
-1.592330793836953529e-01
-8.959151978630042201e-02
-2.765453377310247984e-02
5.552887229445835349e-01
-7.099764606441530956e-01
