0.000000000000000000e+00
0.000000000000000000e+00
0.000000000000000000e+00
0.000000000000000000e+00
1.600000000000000033e-01
0.000000000000000000e+00
1.600000000000000033e-01
4.799999999999999822e-01
0.000000000000000000e+00
0.000000000000000000e+00
0.000000000000000000e+00
0.000000000000000000e+00
0.000000000000000000e+00
0.000000000000000000e+00
6.400000000000000133e-01
4.400000000000000022e-01
8.000000000000000444e-01
2.800000000000000266e-01
0.000000000000000000e+00
2.000000000000000111e-01
2.839999999999999858e+00
