-1.547110469034526314e+00
1.814214586057387057e+00
9.782849362653411873e+00
2.146629640324062294e+01
2.780405849927976902e+01
4.060675385104255497e+01
4.278536584130458209e+01
4.843532053079119493e+01
5.057206129266997152e+01
5.555650648416823856e+01
5.803703459218993288e+01
5.844075915294158818e+01
5.695784892056651927e+01
5.802852732164212313e+01
5.731431115076556893e+01
5.785409943296055957e+01
5.697685144357875942e+01
5.740627159959345249e+01
5.713256861771782269e+01
5.805929952651413117e+01
5.749518551091680507e+01
-1.048415833152497978e+00
6.264510542911970958e+00
1.453606534321085952e+01
1.485016770663713004e+01
2.174434351318976155e+01
2.301699096695677937e+01
2.653866008462484771e+01
3.131703002939382330e+01
2.732997851591892413e+01
2.628625027146527415e+01
2.627682034281480838e+01
3.200256232232813147e+01
2.605052751920418785e+01
3.018296637244251102e+01
3.382501048019352652e+01
4.039354508832172286e+01
4.717216429662475718e+01
4.427864598398210205e+01
4.174059718798594076e+01
5.114820791257274379e+01
5.340355367142965548e+01
