GEN Mean fit Std Best Ave life
0 -1.048416 12.01037 65.773463 0.0
1 6.264511 15.691481 65.750025 0.0
2 14.536065 15.503556 56.775442 0.0
3 14.850168 16.260408 65.74425 0.0
4 21.744344 17.656555 84.567552 0.16
5 23.016991 16.699566 65.884108 0.0
6 26.53866 13.848602 84.593424 0.16
7 31.31703 18.425655 86.066602 0.48
8 27.329979 13.117445 65.742332 0.0
9 26.28625 13.752357 65.773463 0.0
10 26.27682 11.987544 56.881903 0.0
11 32.002562 14.625259 74.746171 0.0
12 26.050528 10.016161 57.171054 0.0
13 30.182966 13.1807 65.746171 0.0
14 33.82501 17.512604 86.011736 0.64
15 40.393545 18.679399 86.011736 0.44
16 47.172164 18.407224 86.011736 0.8
17 44.278646 19.507011 85.243021 0.28
18 41.740597 16.679285 65.769519 0.0
19 51.148208 15.969662 84.847267 0.2
20 53.403554 17.56714 87.19141 2.84
