1.201036974214791542e+01
1.569148128483616311e+01
1.550355595445810053e+01
1.626040807676083944e+01
1.765655456661987444e+01
1.669956557181900436e+01
1.384860153486758705e+01
1.842565476886621312e+01
1.311744542276662884e+01
1.375235740680790286e+01
1.198754402585362833e+01
1.462525926727311898e+01
1.001616082573511157e+01
1.318070009015268695e+01
1.751260391887467804e+01
1.867939934704730121e+01
1.840722448269570322e+01
1.950701104521431262e+01
1.667928520565248363e+01
1.596966162462707572e+01
1.756713962902866655e+01
