5.760183729848224488e+01
5.716226955283406141e+01
5.760183729848224488e+01
6.622544845445558792e+01
6.616226955283406141e+01
7.560183729848225198e+01
5.773214184093667001e+01
7.570168263345196635e+01
7.516226955283406141e+01
7.516226955283406141e+01
7.516226955283406141e+01
6.626342770252080072e+01
6.616226955283406141e+01
7.516226955283406141e+01
9.402326625757942224e+01
9.402326625757942224e+01
9.402326625757942224e+01
5.772700044143625320e+01
7.575297592783951472e+01
9.402326625757942224e+01
6.614492807779757300e+01
