9.127816854925385748e-02
5.708970323106168365e-01
-2.639798444931600874e-01
-4.218522492521212808e-01
1.190139775738902478e-01
1.001131900785434681e-02
-1.605550779748692314e-01
-5.640269066522800578e-01
-7.220196043034794453e-01
1.847667444439802797e-01
1.550452474514264489e-01
-3.918745531556714345e-01
2.776209450870722462e-01
-8.654317236125228519e-01
-2.736467418543245267e-01
-3.805504624172396655e-01
1.000000000000000000e+00
7.017702595306984925e-01
2.782845514659493258e-01
3.319026269172304922e-01
3.196113354945814278e-01
-6.952353562759980843e-01
4.487554236478760172e-01
3.468174530412669321e-01
6.721880852692254660e-01
2.898696104419887232e-02
-8.040098646254942860e-01
3.488781827270966418e-01
-6.001677916349569264e-01
-1.000000000000000000e+00
8.727643213718985216e-01
5.135825126819271169e-01
-9.256055159339948712e-02
-3.635927054236986478e-01
4.501632020136855927e-01
-4.070500462006999554e-01
2.997471618342906208e-01
-2.721616261890952293e-02
2.939192803102225193e-01
6.791805034059694712e-01
5.000871892090508197e-01
-8.512418598412091475e-03
-9.743801698504435116e-01
6.603079453677687116e-01
8.567332720652998113e-02
-5.477931427824855870e-01
2.403138882613832863e-02
7.505516310511001210e-02
1.188089508258465266e-01
-1.810120037448642027e-01
-4.039122391224324593e-01
1.593923887045520515e-01
3.400899087877254923e-01
6.415337034744415801e-02
-8.298586181873860435e-01
5.837895820136339564e-01
-7.908538183175145564e-01
-3.556825248922251825e-01
-1.844231404959834411e-02
-1.000000000000000000e+00
-5.910635643824342367e-01
-5.271090089404899537e-01
5.451041181349531861e-01
6.068926676556276600e-01
-7.750262802027620135e-02
-6.200629508086162867e-01
-4.463539617660972070e-02
7.892856682027123982e-01
1.000000000000000000e+00
-3.683246777541195893e-01
-2.269737547149053014e-01
7.144125775969774050e-01
9.028831757786516254e-01
-4.689435296266433739e-01
2.349588164657109846e-01
-7.313065310052779822e-01
-4.922004612499430443e-01
1.000000000000000000e+00
3.633628926492288302e-01
-1.842162819100234827e-01
-6.841582772010300628e-01
5.450883835916946474e-01
2.773216377551906975e-02
-2.169373884179214285e-01
3.141058690309969648e-01
8.490153346211912755e-01
2.444345903246225027e-01
-4.607192184979608252e-01
-1.057633353219924605e-01
1.129767571584484598e-01
5.567842667086484454e-01
-1.000000000000000000e+00
-8.349884900002800536e-02
4.981667203115912601e-01
-3.737614779329744841e-01
-3.609865503907997430e-01
2.669627982680692346e-01
-7.729117111825644093e-01
-1.236527265802976339e-01
2.543075484748649751e-02
3.774789749764323465e-01
2.853135088802669084e-02
2.245040378455864793e-02
-6.836989048184486384e-01
-2.116745797661626072e-02
2.584283996382931159e-01
2.463186250346971473e-01
5.998709916359423744e-03
2.598578948849497583e-01
-1.848009079868042637e-01
8.893001438660217417e-01
-1.000000000000000000e+00
-1.186678914814217611e-01
8.433897141000630260e-01
5.269242341042745803e-01
7.465536402848649278e-02
-6.271852391818529826e-01
1.757034017877598941e-01
6.052838611015083359e-01
-8.542720468834693603e-01
2.481601674107489774e-01
-1.683494508624474029e-01
8.788205902380223922e-01
-3.187083334473481688e-01
1.841458072013357761e-01
1.684613356171981713e-01
-4.368528526521298083e-01
-3.339075881678368329e-01
-8.411544702988824618e-01
5.165904298293561014e-01
4.997828188127523275e-01
4.830999116311063268e-02
1.000000000000000000e+00
-2.939183066170356629e-01
1.075437850577237869e-01
-7.518250793844629687e-01
-4.139861818807069604e-01
3.509550694007865235e-01
-3.668021038155240277e-01
-2.491994757750567724e-01
-3.396638892680543531e-01
1.859781895451054490e-01
8.390377203726240296e-02
8.625361049967683602e-02
-1.542075100005446675e-02
-1.000000000000000000e+00
9.495661416502459984e-04
-5.657717728463127482e-01
-4.879130186271443126e-01
2.326702774165649301e-01
1.000000000000000000e+00
2.783945554902410580e-01
2.578300759321539570e-01
3.698886932750064527e-01
2.071263835644943652e-01
3.998211944851659538e-02
9.142549644087641925e-01
-2.558497457798019070e-01
1.000000000000000000e+00
-5.141150588400364430e-02
-4.417430151514049608e-01
-6.188668199787803470e-01
8.973508247189190268e-01
-1.000000000000000000e+00
4.202588115079957110e-01
5.389389823441317340e-01
4.238887014572251255e-01
5.395705585489998235e-01
-5.420531385860829360e-02
-4.696976718339877788e-02
1.021084818294715202e-02
-1.207425667177812745e-01
2.447271806183878851e-01
-9.508570351388658803e-01
1.034726496843350052e-01
4.478369786191531698e-01
-5.056179745097894029e-01
-8.582164663269287175e-01
2.424069269261997783e-01
-2.849770608138414429e-01
-5.031149086996378195e-02
1.817244626844577993e-01
-5.758027627784924052e-01
-3.871248268132848613e-02
-3.554823287797801434e-01
-1.000000000000000000e+00
2.429624201443456033e-02
2.073255936711169145e-01
-7.872691956446427053e-01
-3.732624487304045391e-01
-8.431829609969703210e-01
3.439177348188107164e-01
-2.387663575603882760e-01
2.197029705307362857e-01
4.000165511338014124e-01
1.762343519965512695e-01
2.454508710918580083e-01
-1.459099337124256379e-01
2.329380459228820310e-01
-2.388901906607679426e-01
3.345229566009346733e-01
8.200927145237246751e-01
2.854967300521502604e-01
2.233911716714586659e-01
1.890695536074791794e-01
5.061139413860571423e-02
5.754261309049462092e-01
-2.469123188055348805e-01
1.636720398691857148e-01
1.217258378408939690e-01
-7.376913927660757597e-01
4.696811582866589063e-02
5.390583168400067682e-02
9.252504929770559716e-01
-7.519392671330502043e-02
-3.646670781773176939e-01
-5.287040766441012396e-01
-1.363079745232435164e-02
4.362068884230082544e-01
-1.279096860415627757e-01
1.917197730973219660e-01
2.414425064056560932e-01
9.282200624729609606e-01
5.069545595907474222e-01
1.889129733856276805e-01
-4.938306185932246906e-01
-6.646364580587963422e-01
6.628719330915031627e-01
9.552925389342091789e-01
-8.644409303779906906e-02
-1.547281421257521994e-01
-2.903067043789834822e-01
6.505882765477184471e-01
2.113782439228536481e-01
-3.356833398901808430e-01
-3.246156984119774602e-02
7.871218341096091198e-01
-1.453610994107008558e-01
-6.630166545072799233e-02
-6.338262915768413386e-01
-9.642953222217779397e-01
5.947121779626293736e-02
1.000000000000000000e+00
-2.425813528739066416e-01
-5.390888325774064738e-01
2.509813330205662441e-01
9.205311740130923959e-02
-4.127993476544794538e-01
-8.120771987961823424e-01
1.000000000000000000e+00
-1.173638684332701521e-01
8.577056367271929105e-02
5.564472017383828573e-02
6.401945187151221184e-01
-4.821666110416594764e-02
-2.663099031808550121e-01
-9.678917055272910908e-01
9.183241839579396881e-01
-2.799578559635500508e-01
1.542848492328787735e-01
7.242269193050430154e-01
1.000000000000000000e+00
7.416067928251762753e-01
1.353176814361477520e-01
-2.967359775363102026e-01
