-9.604186624160678809e-01
9.903597859545202553e+00
9.597434425286524018e+00
1.156401415695064472e+01
1.642515903698135560e+01
1.899721347691765772e+01
2.033692697206289424e+01
2.580053869050167492e+01
3.184320582548452805e+01
4.323083250397026944e+01
4.264167423655970168e+01
5.034444343793072107e+01
5.348745490622355447e+01
5.473596462936231433e+01
5.580473674482978907e+01
5.435451696458137860e+01
5.612323742409844129e+01
5.617867592420208211e+01
5.665492439057416618e+01
5.724256649839507105e+01
5.739152995804734303e+01
1.439771476533139305e+00
1.326902684178821179e+00
9.945191849497511782e+00
1.246933190871084740e+01
2.196606893255378523e+01
2.984383485176009287e+01
2.283058315304226937e+01
3.260028343487979896e+01
3.887981144708896153e+01
3.885181250604693304e+01
4.972156789931959509e+01
5.274074852906726107e+01
5.666718903833277210e+01
5.501383859710920632e+01
5.453744932804085721e+01
5.436634885983312415e+01
5.809360951018560826e+01
5.539728556134743798e+01
5.791253566007019060e+01
5.846804696918816546e+01
5.765993599455872953e+01
