GEN Mean fit Std Best Ave life
0 1.439771 15.62811 57.601837 0.0
1 1.326903 14.287117 57.16227 0.0
2 9.945192 21.358227 57.601837 0.0
3 12.469332 22.40013 66.225448 0.0
4 21.966069 22.303187 66.16227 0.0
5 29.843835 25.624534 75.601837 0.0
6 22.830583 24.241345 57.732142 0.0
7 32.600283 26.472055 75.701683 0.0
8 38.879811 26.340904 75.16227 0.0
9 38.851813 25.674967 75.16227 0.0
10 49.721568 19.8449 75.16227 0.0
11 52.740749 14.478099 66.263428 0.0
12 56.667189 6.083197 66.16227 0.0
13 55.013839 13.323838 75.16227 1.6
14 54.537449 15.052152 94.023266 1.8
15 54.366349 14.060279 94.023266 1.8
16 58.09361 5.281635 94.023266 1.8
17 55.397286 8.941817 57.727 0.0
18 57.912536 3.097839 75.752976 0.0
19 58.468047 5.546652 94.023266 1.8
20 57.659936 1.980491 66.144928 1.6
