1.562810969577019371e+01
1.428711740335368852e+01
2.135822701255838396e+01
2.240013013881197068e+01
2.230318721408188409e+01
2.562453372933445905e+01
2.424134481561993937e+01
2.647205537427187139e+01
2.634090374761510844e+01
2.567496723168085282e+01
1.984490022636185813e+01
1.447809860010655214e+01
6.083196513173095177e+00
1.332383835304042208e+01
1.505215181739046848e+01
1.406027925162868897e+01
5.281634768197340790e+00
8.941817034589995217e+00
3.097839070945005435e+00
5.546651824404581710e+00
1.980490691910141043e+00
