4.772901156814170065e+01
5.677346333071253071e+01
5.742405089685368580e+01
5.742405089685368580e+01
5.688631782016776839e+01
3.967699002086159510e+01
5.677346333071253071e+01
5.677346333071253071e+01
8.890192571783376252e+01
8.564090461150806277e+01
5.686011544777374382e+01
8.719140997390337589e+01
5.688410787451696393e+01
8.679342407327507658e+01
8.541858578874553132e+01
8.578939992297534900e+01
8.739342407327507090e+01
8.601585110906252396e+01
8.498939992297535184e+01
7.478339389891513633e+01
8.821858578874552848e+01
