2.430009083287130167e-01
3.182337687571237805e-02
4.393852142181153275e-01
-2.678264143695322508e-01
2.393490492820435911e-01
-1.900877184218894289e-01
-9.045522783711497095e-01
4.789956168563582750e-01
-1.959516395963358804e-01
-5.387503940059019669e-01
7.488614715555041990e-02
-1.790985726639246489e-01
2.414829258134048584e-01
2.736817290369382705e-01
7.122991764458995734e-01
1.000000000000000000e+00
-5.142321667803243512e-01
9.265597586264275876e-01
1.158750785124715854e-01
9.303234003789307982e-01
-3.145838557377016453e-01
7.237836687365851729e-01
4.228448675295691239e-01
4.121488945983580177e-01
2.757465645252472619e-01
-1.229023689751439774e-01
3.515498488628500673e-01
6.265829639145501506e-01
-5.651900726962905130e-01
5.703455781130111202e-01
-4.847197376048134609e-02
-1.555684555397186808e-01
-1.439821511712973401e-01
-7.376935731142010289e-01
-9.948091443492413921e-01
6.009175211126005500e-01
1.388759808818858070e-02
6.002509215236514484e-01
4.139390379268534925e-01
-5.870069087263518615e-01
1.712097127220808257e-01
2.530376409158459072e-01
8.051658273204643779e-01
-1.000000000000000000e+00
1.000000000000000000e+00
-4.750844936741021041e-01
-4.490226476200498973e-01
5.449614497979510253e-01
7.589077114409708003e-01
-1.439802158224331302e-02
2.875179454166305604e-01
-9.806089796066769226e-02
-1.735205352392262812e-01
1.229408793215311657e-01
-5.263175224812728370e-01
8.033360765303346751e-01
6.787094430166458192e-01
-1.345666730526780541e-01
-1.757127450444359029e-01
1.000000000000000000e+00
6.114483563789032683e-01
-2.172757904205236401e-01
-1.028232193473548328e-01
-8.948727311777842086e-01
1.411516437861234097e-01
-7.801029919886313113e-01
4.258290616845090137e-01
7.086859659279476364e-01
-6.045046009350423244e-01
-3.740100889754624514e-01
1.439233522314094238e-01
-2.511655922667281882e-01
-3.714986854899204882e-02
5.094616310726624020e-02
-9.692677749550175914e-01
-4.999933771960074491e-01
2.620950060794923764e-01
-1.451120981998064441e-01
1.469909343729547124e-01
5.610253091018392313e-01
4.103292323519545093e-01
-1.000000000000000000e+00
-5.943326257507544619e-02
3.195169926749046874e-01
-2.814975232851504305e-01
5.917864054852599587e-01
-1.250555945992923301e-01
-9.961993562737159191e-02
1.000000000000000000e+00
3.820804785309040996e-01
4.527939308257095119e-01
-3.643332971654736352e-01
2.863954009185773475e-01
-3.131190824874494072e-01
-7.806490408151767202e-01
-1.125582418562928733e-02
2.461756779349877633e-01
8.698760541949128733e-01
5.118429341884078720e-02
2.355529778616041181e-01
8.445033320799377741e-02
-1.000000000000000000e+00
-7.464126444978687325e-02
4.021971106269243146e-01
3.805222488424521710e-01
4.267955310197595054e-02
3.829859202900918191e-01
-3.572037869714368430e-01
7.245965857676592292e-02
-8.197954393228081837e-01
3.550055243743541755e-01
3.351324173012730778e-01
-5.903924410377001664e-01
9.061628176453428996e-01
9.301008102304042513e-01
-5.096821634254811162e-01
8.958688298315981013e-01
2.192524528129793371e-01
-1.546443092865948388e-02
4.914903635875295107e-02
9.922343657607788359e-01
-9.843061251499588549e-01
-5.954660520596721796e-02
-8.084535135894908020e-01
-8.458084955883355960e-01
3.741029426699802873e-01
-3.241921379206143539e-01
3.166107190452529530e-01
1.000000000000000000e+00
6.109947454648479992e-01
-5.656817187009671732e-01
-7.486957288265758681e-01
-9.652389239064645965e-01
-7.676241587721933657e-01
-9.099684567356689513e-01
-6.039589180208437824e-02
1.000000000000000000e+00
7.036129416303034123e-01
-5.093957548919636480e-02
2.341186734702761507e-01
-3.493116692202142826e-01
7.765165820022239540e-01
-4.676388210923901889e-01
1.608635202435626244e-01
7.813496890482072299e-01
-1.771487778268017177e-01
-6.647328206597127309e-01
-7.268929490808885285e-01
-1.000000000000000000e+00
2.894827473251561090e-01
-7.636793817037053067e-01
1.284754388341010078e-01
-1.000000000000000000e+00
-8.832504775646143891e-01
-9.562638643432498364e-01
-4.150954997819016890e-01
5.049886722144485418e-01
4.215804541489103774e-01
-7.207844165648795709e-01
-2.928949089259179073e-01
-4.529070081283664839e-01
-8.639929943976422388e-02
4.473629870309090428e-01
6.770882026172516666e-01
-1.249669707852625600e-01
5.432071281929264916e-01
1.602921209260970148e-01
6.478664279981690699e-01
3.428308954080645510e-01
-7.241059998169740997e-01
-2.658602205936145824e-01
6.028641848566644867e-01
-1.000000000000000000e+00
5.053792831960832732e-01
7.965727638564198410e-01
-7.309727802495111781e-01
9.408342692596971535e-01
3.338358106360009847e-01
4.605457161436459224e-01
-8.689970649309423090e-01
-9.506135396737335208e-01
-2.933750229002360932e-01
4.332259118345496152e-01
-4.142365804917083616e-02
5.110876627281637496e-01
2.637957862461886016e-01
-5.583044900428789370e-02
-2.889785111690933994e-01
-3.710017368232756407e-01
2.108098848821328419e-01
3.814194144998794833e-01
5.513211944683737986e-02
2.964493834435326658e-01
1.000000000000000000e+00
-3.235490518932038206e-01
-9.666031702113871971e-01
-5.859249491202210836e-01
-2.915568123662359845e-02
-2.777646842125303106e-01
6.426174096387409218e-01
2.425886229811661798e-01
-7.057041016459985050e-01
-5.349657387084810756e-01
5.396077709271259737e-01
-6.408733002648767663e-01
4.868820053404188108e-02
2.537746519686692181e-01
2.468067571090743761e-01
-1.825878292856486507e-01
-2.510880053219078367e-01
-4.055836648306856418e-01
-6.500999785617238569e-01
8.559797518583313058e-01
2.609153847055515341e-01
-5.337160324507725928e-01
-9.381332208120565230e-01
2.185912436849530849e-01
5.744185077537516948e-02
9.959786945548354531e-01
2.115472649749559342e-01
-4.353810012350436409e-01
-6.321407969004515515e-01
-1.200162519482440016e-01
6.013164498463273722e-01
1.000000000000000000e+00
-3.779812482301033727e-01
-1.434590905162249630e-01
-1.948447617207123284e-01
-1.118128284596087707e-01
-4.368925987016540891e-01
5.630089969260938521e-01
5.463849245937870691e-01
6.780174331757392592e-01
1.000000000000000000e+00
5.140830062176716675e-01
1.699050207322740369e-01
5.553918243751883033e-01
3.829392279895592055e-01
-4.441738775355803526e-01
4.063960875462504507e-01
-1.965872452461867592e-01
-1.963238547665044076e-01
-1.693901145718246237e-02
-3.045726708993033993e-01
-3.709934166411195111e-01
-7.741272177875281324e-01
1.997002145044603494e-01
-8.448709913200315169e-01
-8.375926433321467801e-01
-9.882522272115583650e-01
-4.334377286540654906e-01
-2.526921741271436761e-01
7.745371253511068588e-01
4.223728678691038296e-01
8.527953877322995702e-01
-9.292617019291601332e-01
-7.177816505065434671e-02
3.806529709694139729e-01
7.980279388001146335e-02
4.805516521389733842e-01
-7.050682767092630865e-02
-4.265319988312863408e-01
5.401710960361880698e-01
1.778685238046304740e-01
6.245912951147429837e-01
