GEN Mean fit Std Best Ave life
0 0.436651 12.173291 47.729012 0.0
1 3.419846 14.16457 56.773463 0.0
2 4.582563 13.546186 57.424051 0.0
3 9.885401 16.337267 57.424051 0.0
4 12.076729 13.547495 56.886318 0.0
5 18.323322 11.084966 39.67699 0.0
6 22.08342 11.150474 56.773463 0.0
7 24.511583 8.860385 56.773463 0.0
8 28.222708 14.624231 88.901926 1.48
9 29.907893 17.701069 85.640905 0.4
10 26.922083 10.816494 56.860115 0.0
11 30.072577 16.069543 87.19141 0.68
12 30.123141 13.203537 56.884108 0.0
13 41.73906 18.881191 86.793424 0.64
14 43.703427 18.064236 85.418586 0.56
15 50.064496 13.496702 85.7894 0.4
16 58.213615 8.365058 87.393424 1.6
17 58.133564 9.690598 86.015851 0.76
18 57.551401 6.988624 84.9894 0.24
19 58.402991 6.11929 74.783394 0.0
20 59.383109 6.366463 88.218586 0.84
