1.217329115097136416e+01
1.416457049264518631e+01
1.354618646810347471e+01
1.633726718796048871e+01
1.354749503636539565e+01
1.108496640004022815e+01
1.115047370431936891e+01
8.860385279280285076e+00
1.462423140866247273e+01
1.770106915364366529e+01
1.081649354694179621e+01
1.606954320396365787e+01
1.320353679593003982e+01
1.888119112023388624e+01
1.806423644618166335e+01
1.349670203402204471e+01
8.365058265548631411e+00
9.690597817087569510e+00
6.988624043172721123e+00
6.119289962651494719e+00
6.366463072701074921e+00
