3.067212383121042407e+01
2.176889138314541583e+01
3.074772657195337544e+01
3.955758228947820498e+01
3.058835394814495956e+01
3.058835394814495956e+01
3.964341372532798857e+01
4.829955642660931403e+01
3.057504998251859263e+01
2.992235775665096753e+01
3.020394224923462545e+01
3.948657125383502375e+01
3.948657125383502375e+01
3.948657125383502375e+01
3.977425332628679655e+01
3.977425332628679655e+01
3.977425332628679655e+01
5.720090734553947698e+01
3.977425332628679655e+01
2.190013357217580392e+01
4.825699681219052195e+01
