-9.579323854977331298e-02
-7.580098403394923690e-01
8.773173262719768939e-01
2.460187133988501085e+00
5.368866752579812829e-01
4.713244290787184099e-01
-9.478126023636432862e-01
-1.842734267458405184e-01
-9.291795662464427119e-01
3.206302194948995599e+00
-2.302652410837875419e-01
-4.958013905122571341e-02
3.820442539272077553e-01
-5.548136258488105543e-01
1.098328923436961091e+00
2.386767688498892537e-01
-1.804797157270768837e+00
7.915629693775125819e-01
-8.567528201719706860e-02
2.942829396859719449e+00
-4.670191109586935951e+00
1.300624756705432761e+00
2.647643834063850843e-01
-7.514616445212569662e-01
-1.831338069390618939e-01
6.933460071799572022e-01
-3.933003420989750198e-02
-2.330294253216506073e-01
-1.379361483978332359e+00
-2.608233939383221567e-01
-1.756410429675915041e-01
1.393946476346168417e+00
1.159950849400814610e+00
-6.605520315421740118e-01
-7.845826334765462207e-01
-2.803586840180536388e-01
8.720910880537264820e-01
-4.586535177547703540e-02
6.384510832662886048e-02
-1.736989292958428299e+00
-1.852317297039383526e+00
2.647285020249769416e-01
-5.374163771666071732e-01
-6.878609633448067306e-01
-2.536435799276148262e-01
-2.551425252862075665e-01
1.257106872119669205e+00
1.378082834835486770e-01
-1.606543212254437358e-01
-3.955792078231568087e-02
4.566037511484216105e-01
-7.837525439378110192e-01
1.258629126784987784e-01
-7.645819724790809957e-01
2.789525368602056021e-01
8.164682089101440443e-01
9.966260440819021404e-01
3.074659173173371340e-01
-6.254185151208915827e-02
5.612657504258330987e-02
1.544517016825183386e+00
-2.555206808179086297e-02
5.553922232342921594e-01
2.743660467726475871e-01
-1.140317031563748557e-01
3.794528721790746406e+00
-5.584796368311747417e-01
-1.218293587687750423e-01
5.115666957904232426e-01
6.115878462714734870e-02
4.645092336448052306e-01
-3.825038348329339311e-01
6.140622425490359637e-01
-1.963045119999473398e+00
-8.842364071167598816e-01
8.480724136732004093e-01
-3.677067682797149906e-01
9.202147489914931366e-01
1.525511184261045816e-01
5.993375820985259450e-01
1.115119344069076091e+00
3.796451493329879856e-01
-4.142373682408276303e-01
4.868435888745951678e-01
1.349278295092741498e-02
-1.900710580554101359e-01
9.985645691117339684e-01
-5.758793527472121365e-01
2.855768667641878644e-01
9.703657029102610854e-02
3.486302853054620843e-01
2.552529310093246129e-01
-5.082559748817196965e-01
3.583020441274850310e+00
-3.399192788942267951e-02
-2.483032383867148918e-01
-1.012523197301981481e+00
-1.137473347387631950e+00
-1.144946097012423891e+00
7.707616668167595053e-01
1.832474466139965841e-01
-1.359375820598037965e+00
1.783986909865850734e+00
1.788735669688921170e-01
-3.218870576534554884e-01
2.649086649444137853e-01
5.635202363363215339e-01
8.100132103045389886e-01
-9.332294445303310204e-02
-1.192444273777519825e+00
-1.887480657675017492e-01
-2.552846764009947034e+00
2.751258381520668150e-01
2.206679887543952834e+00
4.965422124568712459e-01
4.969650934451538826e-01
5.081598479342067654e-01
-5.344530017984228110e-01
-1.103917692762826641e-01
6.051316794664846066e-01
-4.289898311067654735e-01
2.021559472718131634e+00
6.003686451434239180e-01
-4.065675164544376718e-01
-2.915161723898782586e-01
7.374531149416343467e-01
4.685262453094650170e-01
-1.393700156872024198e+00
-2.293372316188877491e+00
1.218036462749726656e+00
-2.112239801219396862e-01
-4.683588758214213277e-01
-6.367887200286403981e-01
3.521039008135732895e-01
9.122712246817934467e-01
5.470498336011335727e-01
-3.611848634901209554e+00
-1.218306026252954088e-01
1.939433841701297290e+00
-1.663333555771255301e-01
-1.704501182685909944e-01
-6.899503310695451197e-02
1.493193138456878899e-01
5.466499007314125080e-01
-1.869149146862654487e-01
2.319485735544226213e+00
-3.180370100030049385e-01
1.367001139683493127e+00
-7.979720483474513903e-01
4.668402979984189738e-01
-5.405316673306942654e+00
7.092450682877785573e-01
3.784528843781289620e-01
-1.968740181286426694e+00
-9.217254588338121835e+00
-2.310570167712494571e-01
-5.400308728803850933e-01
-1.671992153354806554e-02
-6.740442794501231294e-01
-1.009779455841941065e+00
5.791045711020956777e-01
1.839015197929613071e-02
-2.262552095477345926e+00
8.019508517940301395e-01
3.872413289202105147e-01
9.220406523405446642e-01
1.069688193303627965e+00
3.243096817755438677e-01
-1.114557519313327805e-02
1.167010717961846522e+00
1.170839507525639034e+00
2.718107481652318191e-02
1.173875526939593739e+00
2.856015264231162587e-01
-1.035822167044818221e+00
1.322553517980479709e+00
-1.918764391894522969e+00
4.873326482068959242e-01
-5.518694331820136467e-01
9.766736647396079274e-01
-4.136147858602012145e-04
-1.264352020470294713e+00
-1.152073903710914449e+00
1.610364966219183791e-01
1.122257509028779854e+00
4.135856781388836945e-01
5.658772375537605148e-01
1.777929437680170199e-01
-2.591161465654121532e-01
2.886376008359337053e-01
6.386852641381638440e-01
1.221225834893983953e+00
2.354019546194922041e-01
8.768790618041686358e-01
-4.152111211059387186e-01
-5.185110388879848875e-01
8.129015745596959164e-01
-7.102268843769867779e-01
4.952570986399806308e-01
-2.254817386886085906e+00
5.925417603248118309e-02
-3.746402040340431339e-01
-1.298240151347090698e+00
-1.198154391274592001e+00
7.584695404540560126e-01
-1.016384016523045608e-01
7.141873961541105320e-01
-1.090137482448399364e+00
-2.553260503175934226e-01
1.511016146088800527e-02
5.490176337383214644e-01
-2.664321158418776925e+00
1.057150651911458850e+00
5.869598509544811105e-01
1.324253072530856556e+00
-1.033654066724332132e+00
-1.593271677827748645e-01
-5.059886696193468536e-01
1.942573462479562529e+00
3.717504929264690006e-01
-5.418244033848064189e-01
-2.967582749523451843e-02
-3.451252095768020389e-01
-2.174344255874386539e-02
1.117514055367105685e+00
-4.135995190395411192e-01
-5.448116125558200018e-01
1.621822461070886179e-01
4.991370124831626121e-02
5.385955523027663450e-02
-1.487407276675545842e-01
3.204673465225021944e-01
-9.869629186413007016e-01
9.254136529479084494e-01
-3.138014382121150803e+00
-7.452186730360844669e-01
-9.644733717598453770e-01
-1.192618727238595966e+00
5.945896121491358599e-01
-2.299162481905769329e-01
-1.094011378306722682e+00
9.137788512618735814e-02
8.175936321846742627e-02
2.465769026620583393e-01
4.644252526325401975e-01
8.028534208014851403e-01
-9.731065539937091557e-01
6.439918579943151311e-01
1.188741183828585291e+00
-5.005360558674033511e-01
-1.480714324360516310e+00
2.550720505731399745e-01
9.695463628253494018e-03
-3.548246427532879554e-01
-1.076232029250340672e+00
-1.338875920219131932e-01
1.025414756076006739e+00
4.286093370437169536e-01
1.272896070304511129e-01
-7.716420728048429822e-01
1.194935856822503251e-01
-1.143242555867195198e-03
-1.144097095504842265e+01
-6.949015560137667968e-01
-2.655591491765895706e-01
