
GEN Mean fit Std Best Ave life
0 30.236921 36.032979 66.2699
1 38.996113 0.0 38.996113
2 38.996113 0.0 38.996113
3 38.996113 0.0 38.996113
4 38.996113 0.0 38.996113
5 38.996113 0.0 38.996113
6 38.996113 0.0 38.996113
7 38.996113 0.0 38.996113
8 38.996113 0.0 38.996113
9 38.996113 0.0 38.996113
10 38.996113 0.0 38.996113
11 38.996113 0.0 38.996113
12 38.996113 0.0 38.996113
13 38.996113 0.0 38.996113
14 38.996113 0.0 38.996113
15 38.996113 0.0 38.996113
16 38.996113 0.0 38.996113
17 38.996113 0.0 38.996113
18 38.996113 0.0 38.996113
19 38.996113 0.0 38.996113
20 38.996113 0.0 38.996113
GEN Mean fit Std Best Ave life
0 -2.030864 8.990321 30.672124
1 1.657322 9.792286 21.768891
2 3.398206 10.796798 30.747727
3 7.912174 12.58004 39.557582
4 10.20868 12.498263 30.588354
5 9.847751 11.265744 30.588354
6 11.524386 10.08453 39.643414
7 16.290142 8.463964 48.299556
8 13.132211 6.008864 30.57505
9 13.65186 3.324333 29.922358
10 12.955455 5.017928 30.203942
11 13.530314 5.087457 39.486571
12 13.846452 7.449107 39.486571
13 14.05439 5.191923 39.486571
14 14.604525 6.31066 39.774253
15 13.704405 5.892347 39.774253
16 14.080155 5.244786 39.774253
17 16.035004 9.339988 57.200907
18 15.477287 7.299915 39.774253
19 12.991676 1.871772 21.900134
20 14.940924 5.642861 48.256997