8.990320541134963150e+00
9.792286303107239576e+00
1.079679809008194091e+01
1.258004025916429924e+01
1.249826261354411017e+01
1.126574436043659233e+01
1.008453044329476000e+01
8.463964177763022789e+00
6.008864203655462255e+00
3.324332532617076286e+00
5.017928440837614801e+00
5.087456958903272763e+00
7.449106821739484907e+00
5.191923060066132578e+00
6.310659748989974283e+00
5.892346849646194151e+00
5.244785889029395243e+00
9.339988309883310080e+00
7.299915099758893078e+00
1.871772345973260032e+00
5.642861372232043315e+00
