2.632126013497771977e-01
-3.040107411538510718e-01
9.931603740825045712e-01
1.000000000000000000e+00
-8.045978490258860472e-01
2.851409517569374330e-01
-3.027894377060801334e-01
4.740067867207555796e-01
5.018134442419703856e-01
9.787264307168579425e-01
5.421042656468770815e-01
-2.667832282578008196e-01
-1.822718519739303655e-01
3.027431964683866550e-01
2.745747809335946643e-01
-1.726219858713489153e-01
-8.763176000024707202e-01
9.869000329114807624e-02
-9.300702477705813376e-03
3.777331201508720149e-01
-5.247151174154891518e-01
3.534874095724684917e-01
1.981579624006545304e-01
7.826297607829080238e-02
-8.281128834423627794e-01
-2.407572579365639398e-01
-2.657486731314038231e-01
-4.645278288314670379e-01
3.531919632252348284e-01
-2.556005935517198235e-01
-8.053619720095108736e-01
1.000000000000000000e+00
-4.297524585291152555e-01
4.076994225869946531e-01
4.830431031642290485e-01
-8.704136685265800866e-01
-6.712977043228820495e-01
-1.000000000000000000e+00
4.901005943899351402e-01
1.000000000000000000e+00
-5.481977905118895489e-02
-3.609137557973121080e-01
1.377587896497050046e-01
2.988072741138720900e-01
-1.881779550929025824e-01
-4.939002925153646029e-01
-2.440173190071369125e-01
5.286164905270227532e-01
5.674645666877415895e-01
6.831565598116937643e-01
1.473180246183036501e-01
1.028714164403859432e-01
1.164279561081442982e-01
5.390158235263464714e-02
-4.534350240662439746e-01
6.556321691110859051e-01
-5.728748789294912935e-01
5.210222671726436605e-01
-4.541474528458232518e-01
2.808144982535447642e-01
3.477530362793841978e-01
2.356271654290598150e-02
2.655521339739261855e-01
4.916228984201986285e-01
-1.364841810385586385e-01
3.987310563959372001e-01
-9.991629822281238305e-01
1.000000000000000000e+00
2.315551614358206112e-01
4.352083660762340322e-02
1.161690405694737471e-01
-3.014274284573590368e-01
-1.758172365094150535e-01
-1.000000000000000000e+00
-3.079834593165028389e-01
8.796095450303291763e-01
1.945532166730071788e-01
-3.137946857854243543e-01
-3.936040944743066095e-01
6.691276172093432173e-01
4.517596164822327287e-01
-1.020358419078248036e-01
-1.375039472347812652e-01
6.935748552001931300e-01
-6.873308367675177166e-01
1.167033086740424941e-01
4.441413712821695031e-02
-5.726285335952547850e-01
-1.641330593762997947e-01
-2.307118648814861506e-01
-2.522519917697142455e-01
-1.000000000000000000e+00
2.379143677431904691e-01
-2.502087045273954091e-01
2.095210878640609564e-01
-3.020545920796071093e-01
-7.400082365410265428e-01
-5.860787153460111920e-03
-7.985902383563691087e-01
3.648245683496287306e-02
4.027194118130248968e-01
2.537379463722022610e-02
6.358250133982314978e-01
1.974450145574335735e-01
4.977433984877940309e-01
6.201884314372230200e-02
-1.412760401889162631e-01
3.818548624040995487e-01
-8.366361906117973923e-01
1.409947073899689707e-01
1.000000000000000000e+00
-5.671233382983130733e-01
1.000000000000000000e+00
-5.705609323876672523e-01
4.259554612502036153e-01
7.829892793145598606e-01
8.642717267540914738e-01
7.855442309317999250e-01
-8.557633024832485003e-01
-8.793217990463706446e-01
1.546367859948182821e-01
-8.395670809019424308e-01
-7.269034526939553986e-01
-4.766983151442207300e-01
4.405000716975779329e-02
2.750096081291529826e-01
7.075347928263523434e-01
1.778018808697308106e-01
-2.652313652321812709e-01
4.015232560290528108e-01
-2.323055588547662254e-02
-1.000000000000000000e+00
-1.000000000000000000e+00
-1.644841771957404331e-01
-7.507355582711031650e-01
2.057550793487617491e-01
-6.837737641216323770e-01
4.501976202243140324e-01
9.736767510730994779e-01
-2.270076774142422149e-01
6.826027792697791918e-01
5.298241273128003748e-01
-7.780182226439329440e-01
-5.894361749488897795e-01
-2.839182870350462906e-01
6.069602627745444012e-01
8.499019874751994053e-01
-9.326717873999050834e-01
8.919626429779128340e-01
-1.041771113199944643e-01
-6.422534005504222376e-01
2.633119780733500503e-02
-1.108281858412414334e-01
-4.112494446466317677e-01
-1.118275393085297331e-01
5.164661328837103493e-01
3.341044805236731419e-01
-5.692563719354148954e-01
-5.754977237659354428e-01
4.691488069819663154e-02
9.080611853202887884e-01
-5.543550068385926233e-01
-6.933626181276593137e-01
5.116217495436894414e-01
-2.187843267296669947e-01
5.179165126638685113e-03
8.472499373957054214e-02
-1.796333504217237920e-01
8.789549426138186794e-01
-8.435060892894825635e-01
9.381602257451460147e-01
-3.016742404114979292e-01
-4.453359854093045245e-01
-1.000000000000000000e+00
6.568305033583266006e-01
-5.985184114677964962e-01
-3.775122430097198611e-01
1.136267324116368993e-02
-9.052795846212494668e-01
-2.934359439531589175e-02
6.455796623942552381e-01
9.355197923935019144e-01
-5.851175985008522096e-01
1.000000000000000000e+00
-5.718000313371480736e-01
-9.448943696460149200e-02
-1.681408825773142990e-01
-1.445232605838742135e-01
6.519519726746830779e-03
8.616747643986368832e-01
-8.818044089546583919e-02
7.681277095648547659e-01
-3.362563969328440372e-01
-2.364955684655530299e-01
2.343051446003231730e-01
2.884689668801999618e-01
-6.566177186922934617e-01
4.071542576494709964e-01
-2.673636880040262120e-01
1.312995081172352585e-01
-4.389139173743611955e-01
-8.381911575895818478e-01
-3.151171012499705548e-01
-1.302548435696746498e-01
-1.631307536284154480e-03
4.264944535293693217e-01
6.933917959170621259e-02
2.307282652306564819e-01
-1.000000000000000000e+00
4.074670935398042732e-02
-7.008374014706975075e-01
-6.128424275030350254e-02
1.648236085174448196e-03
2.850577767007370089e-01
-3.112667994914319891e-02
-5.019026942847145678e-01
3.230593068516933730e-01
-5.788336017805055800e-01
-2.081177610141611567e-01
-5.668721254213460181e-02
1.169171136952238121e-01
2.981137571318810409e-01
7.273685645859800930e-02
1.864979417024954511e-01
-3.274706502585411627e-02
-2.085961423947572668e-01
-1.000000000000000000e+00
-5.178128005717170801e-01
1.000000000000000000e+00
3.817740867607838373e-02
-1.355321822919206831e-01
2.416068132158381565e-01
-5.367636172826342200e-01
1.112016538399711596e-01
1.000000000000000000e+00
1.920796685354717592e-01
4.316185814917031932e-02
7.727265410078008046e-01
9.336605996968003751e-01
3.698954650078240536e-01
-8.565575257073658744e-01
6.021659978127216761e-02
-6.424873985057535930e-02
8.285269151663114950e-01
5.718959897793008951e-01
6.451861199540553926e-02
3.276039100554039019e-01
1.000000000000000000e+00
-7.813773024592606253e-01
1.343746127486922515e-01
7.143745368635523452e-02
1.750438460381391614e-01
-6.948716239634659120e-01
1.881824837171719444e-01
7.266756298852833362e-01
7.183815105594923978e-01
7.928744655218826765e-01
-5.490604592528883776e-01
-1.000000000000000000e+00
-2.003596246612689424e-01
-9.002547022181360825e-01
-2.621392401732633992e-01
8.962360132309898919e-02
7.845398981859320608e-01
4.154530898856830246e-01
