9.177237888630936880e+01
3.920394224923462900e+01
9.216878821817863354e+01
9.292700044143626315e+01
9.237964417492166547e+01
9.280150296873416949e+01
9.184704041507838213e+01
9.237237888630936311e+01
9.272700044143624609e+01
9.252700044143625746e+01
9.257611947915371786e+01
9.292700044143626315e+01
9.214772657195337047e+01
9.252482618476616949e+01
9.118936470590374199e+01
9.224704041507837360e+01
9.237964417492166547e+01
9.250013357217579824e+01
9.250624979919322755e+01
9.257611947915371786e+01
9.257611947915371786e+01
