8.900230179471869008e+00
2.093923128106433396e+01
4.197495587241149906e+01
5.502630747476735706e+01
6.900907459079425621e+01
7.930501435215040829e+01
8.459074307207569632e+01
8.493712906980705668e+01
8.847934509056341312e+01
8.616371254455057738e+01
8.786784814195988247e+01
8.825273781098097459e+01
8.634765215198143551e+01
8.805535119444752468e+01
8.829764817644272057e+01
8.795278514491275246e+01
8.851650901271618466e+01
8.839898582183364795e+01
8.769286012873335778e+01
8.788045489257856957e+01
8.803585336544293227e+01
1.195873306232478939e+01
1.121260302057294744e+01
3.535542422996889655e+01
4.952328318083579006e+01
6.736508763140777489e+01
7.550771769752817875e+01
7.984868963104071327e+01
8.693115739641748974e+01
8.784607881515458416e+01
8.841737241050147134e+01
9.011390720334918569e+01
9.149596192775406678e+01
9.068636462155038203e+01
9.180045854222694857e+01
9.177536534746013785e+01
9.177237888630938301e+01
9.177387211688476043e+01
9.177387211688476043e+01
9.179637888630939813e+01
9.179567209898046087e+01
9.178916532955585694e+01
1.237243187456698479e+01
3.250802532454370208e+01
4.039499073883322922e+01
6.430527838926508366e+01
8.166064536604025648e+01
8.385730461925396639e+01
8.569644924634094707e+01
8.822810202384707168e+01
8.662357820891092786e+01
8.718918170811404877e+01
8.807427183646848334e+01
8.834761014599014572e+01
8.792903605139945000e+01
8.798801131281744858e+01
8.713601307514772998e+01
8.818343007839028758e+01
8.775024135477650589e+01
8.788060017135148883e+01
8.818793139616067833e+01
8.799900831061599149e+01
8.790756175851264231e+01
1.721851760543381360e+01
2.955990837361068202e+01
5.400101056166212743e+01
6.404033259870476513e+01
8.539529040910306890e+01
8.556686857394358015e+01
9.032760622709976417e+01
8.972518912005452307e+01
9.134141104777289399e+01
9.126531703848644383e+01
9.178953886770167969e+01
9.170945182591769651e+01
9.178767209898047952e+01
9.178676453008301905e+01
9.180916532955583875e+01
9.179896531165157114e+01
9.177567209898046485e+01
9.178767209898047952e+01
9.177237888630938301e+01
9.180425458062896382e+01
9.177237888630938301e+01
5.719105083632366693e+00
2.525785638410200917e+01
4.460998170198438117e+01
5.056700976289069160e+01
6.616219659477090431e+01
7.114471355303071221e+01
8.039875196974828953e+01
8.517819609197502473e+01
8.600780733913255460e+01
8.638959148025200818e+01
8.438241824493545096e+01
8.697107939085805128e+01
8.955611309210415527e+01
8.984587190527507516e+01
8.805655251052154142e+01
8.982127823881670281e+01
8.990216036814359768e+01
9.089937524763044507e+01
9.066325144814334180e+01
9.170052326878783333e+01
9.190684100597114536e+01
1.506389726894650671e+01
3.540675813425841056e+01
6.150686408308394704e+01
7.666660397555378381e+01
8.149042229134573745e+01
8.312932494453499999e+01
8.102830193948233273e+01
8.574787372388129825e+01
8.229845474687374463e+01
8.422737387439606493e+01
8.501184691809106653e+01
8.715270744302824824e+01
8.702089602340682006e+01
8.757010339758997475e+01
8.792066506785528190e+01
8.795232558302581083e+01
8.799906563766678858e+01
8.601976618788549445e+01
8.803834960888299577e+01
8.789947627908154004e+01
8.819570781361291267e+01
2.558474781330336345e+00
4.031672864639970655e+00
3.846305202038254123e+01
4.523500488621556315e+01
5.637827064090041063e+01
7.463611044398452066e+01
6.928444375686416379e+01
8.051595037398215027e+01
7.698750747566238317e+01
8.340405462844631757e+01
8.603632933122368343e+01
8.740074916066203059e+01
8.794501932980085712e+01
8.746340788598521954e+01
8.784832981027589938e+01
8.805237835812985736e+01
8.783688229486459420e+01
8.785447768174886107e+01
8.812338514369861286e+01
8.826192264344888372e+01
8.800135750902282439e+01
