2.240000000000000213e+00
0.000000000000000000e+00
1.519999999999999929e+01
1.483999999999999986e+01
1.583999999999999986e+01
3.239999999999999858e+01
2.244000000000000128e+01
2.744000000000000128e+01
2.612000000000000099e+01
2.871999999999999886e+01
3.315999999999999659e+01
3.016000000000000014e+01
3.211999999999999744e+01
3.083999999999999986e+01
3.107999999999999829e+01
3.315999999999999659e+01
3.103999999999999915e+01
3.128000000000000114e+01
3.396000000000000085e+01
3.520000000000000284e+01
3.256000000000000227e+01
