GEN Mean fit Std Best Ave life
0 2.558475 21.810745 91.772379 2.24
1 4.031673 15.101721 39.203942 0.0
2 38.463052 39.263999 92.168788 15.2
3 45.235005 35.939364 92.927 14.84
4 56.378271 30.238747 92.379644 15.84
5 74.63611 25.648804 92.801503 32.4
6 69.284444 26.762323 91.84704 22.44
7 80.51595 18.43343 92.372379 27.44
8 76.987507 20.007399 92.727 26.12
9 83.404055 13.011402 92.527 28.72
10 86.036329 9.331445 92.576119 33.16
11 87.400749 3.219731 92.927 30.16
12 87.945019 1.109519 92.147727 32.12
13 87.463408 3.052842 92.524826 30.84
14 87.84833 0.673521 91.189365 31.08
15 88.052378 0.938531 92.24704 33.16
16 87.836882 0.756776 92.379644 31.04
17 87.854478 0.700466 92.500134 31.28
18 88.123385 1.227669 92.50625 33.96
19 88.261923 1.416907 92.576119 35.2
20 88.001358 0.843014 92.576119 32.56
