2.181074548111027056e+01
1.510172101880445261e+01
3.926399894556907100e+01
3.593936432538808390e+01
3.023874733682724880e+01
2.564880395004786351e+01
2.676232266427959772e+01
1.843342966204660272e+01
2.000739881841040102e+01
1.301140189938031710e+01
9.331445390541999174e+00
3.219731090810049601e+00
1.109518911385786399e+00
3.052842296730261307e+00
6.735205783022775172e-01
9.385309748714093514e-01
7.567756428713870998e-01
7.004657094648636395e-01
1.227668965448235783e+00
1.416907414570084844e+00
8.430142286562859466e-01
