1.300956741322126398e+01
1.300956741322126398e+01
3.952772932632852587e+01
3.995657488308074790e+01
4.842784596782222906e+01
3.069669509194092427e+01
2.179051384715857864e+01
3.051106227384331149e+01
4.841275134159974414e+01
4.841275134159974414e+01
3.979051384715857864e+01
4.842784596782223616e+01
3.947454706086821119e+01
3.972188534076948940e+01
3.964341372532798147e+01
4.863870783429057099e+01
4.863870783429057099e+01
5.752353644806849786e+01
5.752353644806849786e+01
4.870168263345196635e+01
4.870168263345196635e+01
