-5.648991244034579084e-02
-3.630379793991759391e-02
-3.118064067150088547e+00
2.108035311985090754e+00
1.030002818218068494e+00
-5.209691126996724986e-01
4.619239245614599199e+00
6.084887907257233164e-02
-1.695200352068058747e+00
7.597058300074284176e-01
-5.113151514520652974e-01
3.481740485963624732e-01
-2.291116918086829379e+00
-2.460161808325505087e-02
-2.254215617159907925e+00
-5.743526696291544054e-02
-9.271558098006303927e-01
1.625513932703431585e+00
4.203066369166623129e-01
-2.249751792834751851e-01
1.096777371765871728e-01
7.688853711491087928e-02
6.634887432578546740e-01
-1.277763569367209806e+00
-6.402806006312442566e-01
5.595813442026021933e-01
9.159100172392560246e-01
3.512121670074451529e+00
-7.997442168877111346e-01
-1.989918110259851991e+00
-2.972733723834414477e+00
5.035641732149326311e-01
-1.167907929111910770e+00
-4.002345209013991045e-01
8.562864162754339759e-02
8.035752162695107836e-01
-2.226581860563275672e+00
7.385835693474768204e-01
-1.196829585255114070e+00
-7.380404908333983993e-01
-2.418193158545849930e-01
4.066651735060825557e-01
-1.486774057460899190e+00
-3.510943477377487243e-01
8.950667797665710079e-01
3.961547068766060331e-01
-9.767286261075774911e-02
-7.652719026982064410e-01
3.482709391497835760e-01
6.888493882248449829e-01
1.042148701327575561e-01
1.054524796741298731e+00
1.219316363173028467e-01
3.828027484559784810e+00
2.150619188228354850e-01
3.676103624218375332e-01
8.642840415289887446e-02
-4.110719701557035699e-01
-1.064792837993944752e-01
1.820196555169358188e+00
-1.489738791536113993e+00
-1.086475925439159274e-01
-6.783449935327366953e-01
-6.243716396589046314e-01
5.870632287612983502e-01
1.613964994286154475e+00
2.504113353296698596e-01
1.745136330149342774e-01
-1.649117257854496144e+00
8.182189486311434168e-01
-2.408982924924915892e-01
1.539418956468368571e-01
-1.530802143217276264e-02
-1.480805460339490454e+00
-5.911721241184075826e-01
5.766729893571906906e-01
5.219933969936298990e-01
-2.666960359260662772e-01
-1.529293114646338436e+00
7.311192458626860624e-01
-6.609566696900779359e-01
1.728444151015107733e-01
-1.794268435426242592e+00
-1.830992073104569795e-01
2.069007061020759486e-01
-1.209447606670129627e+00
-2.717857536301380716e-01
-7.408623056550972530e-01
1.963854669875201298e-01
-9.253712052724465398e-01
-3.042048711087641522e-01
1.298114010284365794e+00
-1.668965334550757962e-01
-3.992604232538743969e-01
-1.873881064911391281e-01
5.897519513082649656e-01
4.720421547602505763e-01
1.734488132708275954e+00
-9.634731500299943407e-01
-2.744744519591770793e+00
4.918001556623360360e-01
2.229656684323106097e-01
-4.559002347662490795e-01
4.583451625203262547e-01
6.216556106452142405e-01
8.768977145686398522e-01
-2.569795134779777612e-01
2.457741847481983988e-01
-1.311338379388323760e+00
4.199529424395567756e-01
1.472509019806843789e+00
-2.321230902037107191e-01
1.689906915386280906e+00
1.020759592053262388e+00
2.360875795196058502e-01
1.198829198083597891e+00
9.155188927962261136e-01
-8.699408793705750709e-01
-4.140837837011052125e-01
7.962885654924619638e-01
-1.132844226783320668e-01
1.270939221405308794e+00
5.557775579087925744e-01
6.684473937407544586e-01
-6.613928122379322261e-01
-7.236375469546046935e-02
7.544978600378333677e-01
2.534918695338773675e-01
2.914162452370121503e-01
-1.461157040786382311e+00
3.168025501672884769e-01
-9.050850106133245809e-01
3.022025199948678020e-01
3.074066609696440855e-01
-2.037615803263904457e+00
-3.388481392684900007e-01
-1.997497018248941325e+00
-4.974648908431750782e-01
-1.504378314211945455e-01
2.913828118319866656e-01
-3.366357807731238938e-01
-1.473154767098539430e+00
-7.194135243397886681e-01
-1.079572559154233113e+00
-2.791574795146394283e-01
2.874701397735197617e+00
-7.994736406301444775e-02
-1.271044942788037702e-01
8.214659548336045169e-01
3.973490401958740259e-01
3.359155972383647271e-01
-9.892998655473328462e-01
4.950319974301321813e-03
9.820799220585390010e-01
-3.260947658529029236e-01
-3.062240159412849660e+00
1.577365348424728975e+00
2.454046830951482072e-01
3.351437162093880984e-01
6.424383192009234245e-01
-7.826038145669670376e-01
-7.046162414724961298e-01
4.030858803014728542e-01
3.591050838836127301e+00
1.974321189003561960e-01
3.851256756918323143e-01
8.616599699076736840e-01
5.730382994292532173e-01
-1.625402736314359720e-01
-5.070595731712546073e-01
9.913027852669945017e-02
2.455717373628168998e-01
2.779022278349895902e+00
-2.091392123528771074e-01
-8.988251074561479648e-01
4.510336299519801528e-01
-1.402636788402451262e-01
4.046621690787827186e-02
7.890013479745964231e-01
-4.866056126001593873e-01
3.196486629994127471e-01
2.447726420231302491e+00
7.102050254052753031e-01
-1.427399942320652038e+00
-5.366429771647491798e-01
-1.527671657129175964e+00
-2.673717018950082513e-01
7.128784075590079983e-01
6.924826275372958362e-01
7.585158262897695458e-01
-1.607187660730857948e+00
-1.115577566914369712e-01
-1.746459124300611954e-01
-1.374421187163954450e-02
-2.812574953291941196e-02
-9.951243285582621334e-02
7.051686919147988064e-01
-6.937144036782401102e-01
2.039344786202854920e-01
-3.407553801970069629e-01
-6.964395195705357089e-02
-6.118371850063999418e-01
-8.202642387649544675e-01
7.314165612509785364e-01
-1.923945638967167415e+00
-1.270519928248943886e+00
1.766974842052328187e-01
-4.809394839761224061e-01
1.303173057418115510e-01
-8.940758799695289194e-05
-5.529002305491533820e-01
-4.165485152147216930e-01
-8.178953992441236887e-01
4.693198829669739114e-01
4.725593417526141593e-01
-2.963406011235391047e-01
9.551152430968801177e-01
3.293935845854352173e-01
3.906296393715203985e-01
-2.708994114172816881e-01
-1.925510583339944404e+00
1.441560855917622119e-01
-1.098203493717437196e+00
7.156625609791947840e-01
-6.792555156024340235e-01
-1.364994001842445015e-01
7.593586401404403552e-02
-8.252455698098576375e-01
5.476692610574022124e-01
-1.171845171910920635e+00
-1.282611420649516498e-01
-5.057818513347546174e-01
1.315423836689240122e-01
9.673456315862395405e-01
-1.482980610732362647e+00
1.427866756099420709e+00
2.854117026131696225e-02
-4.423010325991398872e+00
3.021348338153893032e-01
-4.277134305274868376e-01
1.046273358377884655e-01
-1.292451741369462503e-01
-1.589491533531799394e-01
9.822620652070099267e-02
6.110243461623595523e-02
1.444484699027547947e+00
-4.363349369382028553e-01
2.191761167689775247e-01
-2.568618423515331983e-01
-6.987624736022797212e-01
-7.373342049061044623e-01
5.316060493523834252e-01
3.486063767130302415e-01
8.831327490818232651e-01
8.933079237234327064e-01
-5.117864497492163878e-01
-4.765818508324924929e-01
3.653482570371302529e-01
1.412816533090056614e-01
1.140638079121014226e+00
-1.421233341971160691e+00
-5.573936595654944703e-01
-3.640934221853189268e-01
4.159825996553144556e+00
-1.056286131775384218e+00
