
GEN Mean fit Std Best Ave life
0 41.090911 46.636089 87.727
1 21.482942 27.02812 48.511062
2 21.488836 27.022226 48.511062
3 17.189507 22.277103 39.466611
4 35.189507 40.277103 75.466611
5 75.466611 0.0 75.466611
6 75.466611 0.0 75.466611
7 75.466611 0.0 75.466611
8 75.466611 0.0 75.466611
9 75.466611 0.0 75.466611
10 75.466611 0.0 75.466611
11 75.466611 0.0 75.466611
12 75.466611 0.0 75.466611
13 75.466611 0.0 75.466611
14 75.466611 0.0 75.466611
15 75.466611 0.0 75.466611
16 75.466611 0.0 75.466611
17 75.466611 0.0 75.466611
18 75.466611 0.0 75.466611
19 75.466611 0.0 75.466611
20 75.466611 0.0 75.466611
GEN Mean fit Std Best Ave life
0 -3.612612 5.755122 13.009567
1 1.056639 7.889547 13.009567
2 5.864107 11.417342 39.527729
3 9.36248 13.280689 39.956575
4 13.37548 11.786505 48.427846
5 11.936081 8.084791 30.696695
6 11.291432 4.77577 21.790514
7 15.04907 7.221357 30.511062
8 17.92528 9.354244 48.412751
9 18.079594 8.813838 48.412751
10 17.540798 7.69364 39.790514
11 18.965926 8.326169 48.427846
12 18.734321 8.396371 39.474547
13 18.247055 7.89362 39.721885
14 22.502594 9.285221 39.643414
15 21.934022 11.580895 48.638708
16 20.551224 11.246118 48.638708
17 25.457957 14.042201 57.523536
18 20.149714 12.836053 57.523536
19 24.902784 11.628061 48.701683
20 26.201318 10.771436 48.701683