5.755121990787136710e+00
7.889546668933252960e+00
1.141734173241749062e+01
1.328068880111373851e+01
1.178650537230571160e+01
8.084791115176921394e+00
4.775770485440964386e+00
7.221357274356904554e+00
9.354244178674104404e+00
8.813838170825992080e+00
7.693640383288486539e+00
8.326169001976104767e+00
8.396371495056801137e+00
7.893619589716353246e+00
9.285221377562807632e+00
1.158089451832327832e+01
1.124611756183870348e+01
1.404220053558861636e+01
1.283605337698864979e+01
1.162806084294063602e+01
1.077143554929398483e+01
