-9.166509989180700035e-01
3.856294887948649719e-02
9.597332591366150023e-01
-4.463590833949990788e-01
1.000000000000000000e+00
-1.632191383159840026e-01
4.317479097788191611e-01
-6.749678049941830460e-02
-3.419749923921462376e-01
2.131346821202428632e-01
9.614302434824513188e-01
-8.536144986700530679e-02
3.521298104554901331e-01
-3.877033355013499438e-01
-2.431706742865654136e-01
3.969279466318056393e-01
-4.187426738484746891e-01
-9.768450337908857195e-01
1.921416320931678134e-01
-4.077957690431299742e-02
4.294687293900958241e-02
-5.271840271671891509e-01
-2.426713467201251362e-01
8.067077142843307458e-01
-5.710093898601756868e-01
1.199748272782372449e-01
-1.393488302278065305e-01
-3.799195562635554468e-02
5.739113571671002889e-01
7.597761102149365453e-02
1.000000000000000000e+00
1.907565826468550219e-01
-6.099110208289542090e-01
-1.000000000000000000e+00
-6.410778082514101417e-01
5.419916582671269190e-04
-8.160000571654035806e-01
1.199044220636101832e-01
2.386328382847536789e-01
-5.791232335676804732e-01
2.551832162856543240e-01
-7.634419707431125968e-01
-7.531897389547677346e-02
-3.075780342869349759e-02
2.655604812441135221e-01
1.679003125987174327e-01
-1.000000000000000000e+00
-4.431191688147043672e-01
4.797893801140646897e-01
2.611590836867137000e-01
1.000000000000000000e+00
4.238143599514254678e-02
4.245024427924133370e-01
-8.027920164187304364e-01
9.848850393319803498e-01
1.499454020061856685e-01
7.946373801356191313e-01
1.820424771217263316e-01
6.767850343846905092e-01
8.763040540227640118e-02
-1.578508666748379419e-02
-4.592928672906697596e-01
8.819885202595086071e-02
-1.964461178997326807e-01
3.926498340609546611e-01
-9.213439892891901462e-01
-8.194183480100095118e-02
6.805721199018825995e-01
-6.307283235677570987e-01
-4.166952799371134719e-01
-6.780741585794753945e-01
1.000000000000000000e+00
8.290967003669602597e-01
-8.349144330858874197e-01
-6.947232259643133512e-01
3.492022233714544566e-01
-6.237065602866125325e-01
6.187296230656480489e-01
3.311999316928634363e-01
-2.334686835837886942e-01
-5.188436573408635732e-01
-5.592462856338433763e-01
1.000000000000000000e+00
1.236467169404836253e-01
8.904699481448841158e-03
-5.023390502779057076e-01
-6.056919243176173140e-02
6.831775825393487933e-03
5.975052766222528344e-01
3.022232810703564532e-01
9.812870115434964013e-01
6.085225077044572606e-01
-8.387627615545959481e-01
1.000000000000000000e+00
2.978898224344851964e-01
-2.191984888747544602e-02
-2.336191360616393653e-02
-1.882727141110738245e-01
1.203422374530772609e-01
9.770026150251322206e-02
2.253555898066372798e-01
-2.446636464327952565e-01
8.415728334879712946e-01
-8.161306066867543008e-01
8.806272122896660615e-02
-1.795391339596914826e-01
2.977762822192325798e-02
-1.000000000000000000e+00
-2.968828845501410019e-01
-2.136164591459914219e-01
-2.195325476202725223e-02
-7.191554984325687627e-02
-5.089437664300932029e-01
9.562116351660909785e-01
7.638910320669678455e-02
-1.285689816922255257e-01
4.944844537498283010e-02
-1.935702298227933160e-01
-2.729995014127089004e-01
8.486592273150526111e-01
-5.732029981638915583e-02
-3.425388729100087293e-01
-1.585290017294029852e-01
5.534575665767951236e-01
-1.059066830821399352e-02
-4.714878299339165246e-01
1.904039728800355213e-01
2.909965418175757268e-01
-9.292454596441437342e-01
-3.289291266409160031e-01
-2.367233803485067067e-01
-6.455302665201625434e-01
2.611608427828081558e-01
-6.792744355008233370e-01
1.699451479233310414e-01
2.373254320032577580e-01
5.403665336434974042e-01
2.489733736906511036e-02
-3.703342693051000500e-01
-8.205432327772245182e-01
-3.657670626604436204e-01
-2.998012644145161554e-01
-1.588945066357461133e-02
3.693201543040450785e-01
4.691725770862277267e-01
3.079346283868114598e-01
5.210181165822879157e-01
7.140987143582863128e-01
-3.948732956954094098e-01
1.103575441762626869e-01
-2.971897754258452373e-01
-4.062018315162637672e-01
-2.897328381951039811e-01
-2.131684942769289659e-01
9.510052139582922948e-01
-7.391011088005571272e-01
6.283129159345559600e-01
-6.004536495203511848e-01
4.052518180165690653e-01
2.229406719034427442e-01
1.516589966941850609e-01
3.877023837276311058e-02
-7.818950070226491356e-01
-4.060513833660027161e-01
-1.496088360257984140e-01
5.855427044826083671e-01
1.000000000000000000e+00
-8.128081976286816168e-02
-1.868517068718101026e-01
3.889751030732695875e-02
-5.869868520652158361e-01
-9.619963778555606915e-01
8.517244724414793078e-01
6.344354601190926868e-01
-9.728475529366936714e-02
8.145395633702218197e-02
-7.287792967435229308e-01
9.552074198024427254e-01
-5.964172044757031221e-01
-2.525414074082510396e-01
-7.627451760400045799e-01
2.987059716947246812e-01
9.060947173161409962e-02
-7.582891267045511752e-01
-1.000000000000000000e+00
-1.400742071243610276e-01
2.133070121713958878e-01
7.048296025909606133e-01
4.545273698054282940e-01
5.893761613255775744e-01
-3.883136688728504593e-01
-1.000000000000000000e+00
-9.653900655196876457e-01
2.936161832414934114e-01
-6.273414718627338127e-01
7.245575105857994247e-01
3.239455539246007820e-01
1.000000000000000000e+00
-1.595714332568088922e-01
-5.055271270228661740e-01
-3.840945309957832787e-02
-2.081016998861690281e-01
5.360495051429059465e-01
-2.064734151997889566e-01
3.742218224338960120e-01
4.333519755611826563e-01
7.558700361282943980e-01
2.877387683849857991e-01
6.184154147616204300e-01
9.561049270990742421e-01
-2.269760746108283045e-01
-8.282005574910880075e-01
-1.276392822398275673e-01
4.406009458228483666e-01
-4.016933462902710361e-01
-9.138652607981995191e-02
3.094760552102892581e-01
-8.553487940546027346e-01
-2.222217000462012315e-02
9.838125968452728909e-01
2.465482449962490274e-01
8.372098346515655098e-02
-2.408622931947512757e-01
3.273845358900240310e-01
2.074266528561138911e-01
-8.404952612019072067e-01
2.746588140097711017e-02
-5.460398700330314908e-02
-2.311956388403240137e-01
5.491401692845904181e-01
-1.000000000000000000e+00
-7.087996076784207622e-01
4.401262829244932395e-01
6.405295686703237068e-02
-4.297964181000288875e-01
-2.863755477141334271e-01
2.866937073082012621e-01
4.621335336592079512e-01
4.412393620794942684e-01
8.654810662819600875e-01
-5.458078368314023265e-01
-9.129764329705702952e-01
3.363731368013351819e-01
9.081942075216885568e-01
-4.044711138183400556e-01
4.789735458296613679e-02
9.701340488339933454e-01
-2.059081506758125013e-01
2.505780056682322954e-01
1.138797354999265821e-02
-5.830204451980625091e-01
-1.000000000000000000e+00
4.662086667268739437e-01
2.195986981677820193e-01
-3.598539651071495094e-01
-2.343673446407476546e-01
-2.165005169275242558e-01
1.675972058240504103e-01
-6.459463878941384962e-02
-2.945947932025745342e-01
-7.631388395585275708e-01
-3.733606710891591574e-01
8.877102238400151890e-01
6.024650334064537427e-01
-4.072985348627914393e-01
