6.616226955283406141e+01
3.106552606686931028e+01
6.616226955283406141e+01
6.616226955283406141e+01
5.716226955283406141e+01
5.727315225241279961e+01
5.760183729848224488e+01
6.621925648420767629e+01
7.505457939139341761e+01
6.675297592783951472e+01
6.629621752534379198e+01
6.627641489804761932e+01
6.616226955283406141e+01
7.560183729848225198e+01
7.560183729848225198e+01
6.619486503108350917e+01
5.775297592783951472e+01
7.516226955283406141e+01
6.622544845445558792e+01
6.622544845445558792e+01
5.775297592783951472e+01
