GEN Mean fit Std Best Ave life
0 -0.082517 14.698268 66.16227 0.0
1 -1.510069 8.268385 31.065526 0.0
2 2.412742 14.090975 66.16227 0.0
3 4.866509 17.02598 66.16227 0.0
4 5.037079 16.770178 57.16227 0.0
5 12.138139 18.840597 57.273152 0.0
6 14.697657 21.204248 57.601837 0.0
7 19.143772 20.973634 66.219256 0.0
8 24.012242 23.032055 75.054579 0.0
9 26.387142 20.825516 66.752976 0.0
10 25.212382 19.37913 66.296218 0.0
11 31.508311 19.624323 66.276415 0.0
12 34.337537 18.84561 66.16227 0.0
13 38.608157 17.855731 75.601837 1.92
14 43.760933 17.878061 75.601837 0.0
15 54.942642 8.851979 66.194865 0.0
16 54.76911 10.075398 57.752976 0.0
17 57.649091 2.510119 75.16227 0.0
18 57.481781 1.265482 66.225448 0.0
19 56.071815 7.119333 66.225448 0.0
20 56.732171 5.002928 57.752976 0.0
