1.469826797933544604e+01
8.268385170915568239e+00
1.409097538101582536e+01
1.702598017178603129e+01
1.677017842789601687e+01
1.884059734201681025e+01
2.120424797299875408e+01
2.097363383116816138e+01
2.303205521913930554e+01
2.082551637385298804e+01
1.937913007108982555e+01
1.962432261169034220e+01
1.884560980560127419e+01
1.785573091061819540e+01
1.787806057651591729e+01
8.851978616881716277e+00
1.007539834803067080e+01
2.510119014615162403e+00
1.265481881959610533e+00
7.119332895596201638e+00
5.002928012655532441e+00
