-8.357259067593523216e-01
-3.949921877634774980e-01
-6.395174852634031293e-01
-4.186262165349373121e-01
2.499197169666982909e-01
-3.148511797825123693e-01
8.033967552368457277e-01
-6.199073516395499084e-01
-6.925630778721418856e-01
-8.390162225152665298e-01
-4.574538209193740323e-01
4.068880929909695632e-01
5.604483463421694456e-01
3.054519769109677041e-01
3.012819796940126582e-01
-7.038292004316448747e-02
-6.667273511784121975e-01
-9.264233035390309068e-01
1.421213744208305041e-01
5.738964100619035058e-01
-1.566907600017931612e-01
-8.630447193704713360e-01
-2.020432102746224645e-01
4.077297142433157773e-01
-2.928886545987413603e-01
5.175410859750634307e-01
-7.430573514789473588e-01
6.077689973405600021e-01
3.335149450086569711e-01
-2.017733556899951042e-01
-1.368344990385277904e-01
9.873708656285506979e-01
7.670676770916239340e-01
-8.027583899964997327e-01
4.746305778294984123e-01
-1.000000000000000000e+00
-2.830496541586287607e-01
1.813253348414550770e-01
-2.493482074937818094e-01
-6.577236828655055323e-01
1.948051081489072522e-01
-9.577417732707237397e-01
-1.402282754206830573e-01
-3.146012039821065587e-01
6.848761771491387318e-01
-3.442567706237368297e-01
7.040648721451400194e-01
-8.363455765028053879e-01
-1.633023333853902970e-02
-5.232019213089598164e-01
8.262867293409984493e-01
-4.953172416617104279e-01
3.644244998627066412e-02
-7.883400124573800016e-02
1.015568677607784909e-01
1.546170690940852355e-01
5.521043114211746650e-01
5.046098378375628302e-02
-8.986977756101872661e-01
-2.698408315697259918e-01
1.049286020740154701e-01
8.032078543440800411e-01
-1.000000000000000000e+00
-5.671084633453542523e-01
4.349911549896831597e-01
-1.059489363830828368e-01
-1.755773776533213759e-01
2.720814216326436843e-02
-7.072987248945162841e-01
3.510805957464055993e-01
4.209021375617486016e-02
2.497958779405222707e-01
7.699249139717411206e-01
-2.199167316689079610e-02
-5.824336103457443681e-01
-1.871314068738082481e-01
-1.543295615841560053e-01
-3.493567273928207539e-01
-4.584551500390672274e-01
9.476505375659824981e-01
6.316923492585017064e-01
2.752422795720727566e-01
2.433088050310872053e-01
6.650308360613563230e-02
-7.483865440971853022e-01
1.604240746578203813e-01
-7.593413463788843965e-01
2.371283607160321605e-01
-2.273656383970273087e-01
-6.632310307009269268e-01
-1.711154208099330276e-02
1.579960092809319927e-01
1.000000000000000000e+00
3.980268333564512817e-01
-6.656037547210319483e-01
-5.131496817981817671e-02
-4.419569771410463144e-01
-1.959213579168301855e-01
9.497140805593504709e-01
9.298342589334085417e-02
-3.050259680133181606e-01
-8.942560977599601779e-01
-6.844304246042878237e-01
-5.030881857101684451e-01
-3.192313958473431690e-01
-9.991026515764436233e-01
-6.500680707234884892e-02
1.563804854781167958e-02
-1.000000000000000000e+00
1.266207479600235386e-01
-1.719239648498841477e-01
-3.245193163030070105e-01
2.758424339344174303e-01
9.862613705990117552e-01
-3.544913319118859207e-01
-3.354589527236737090e-01
5.512321830436121006e-01
-2.244542966027651687e-01
-1.407007743912795650e-01
4.572830210497197401e-01
-5.656360734257583900e-01
3.063098656997955693e-01
-1.000000000000000000e+00
6.439283707591113570e-01
-7.808874501807540058e-01
-5.433380032411655458e-02
8.884357003186744706e-01
-7.839779520253385980e-01
-2.923230997082510996e-01
4.255180785104138996e-01
6.942332623193864238e-02
-1.000000000000000000e+00
-1.693548213105098565e-01
1.298854853666696618e-01
-2.046102576793004668e-01
2.851543666423559387e-01
-7.527578771986405126e-01
-9.389169214904001803e-01
7.639588912674676324e-01
5.505534826326787812e-01
1.258629261369047514e-01
-6.675278673314350986e-01
-6.739100493769580869e-01
7.899501241675657148e-01
-2.464353176482814156e-02
1.000000000000000000e+00
-3.334219228754822795e-01
7.185498187787018320e-01
-9.013130161461960776e-01
-1.158566265328015987e-01
3.460907001553666928e-01
-8.725320792046653562e-01
5.358970050484437309e-01
2.864990168600569653e-01
2.348218272892257097e-01
1.000000000000000000e+00
-1.719782574082419635e-01
-7.634242852622804554e-01
6.082819363556619674e-01
4.641390956650295885e-02
2.105293916831349199e-01
-2.628227023254443573e-01
-1.424614021965266986e-01
-5.028065808394388547e-01
1.000000000000000000e+00
5.423457150820939487e-01
-4.825956958299839616e-01
9.761605431486539697e-01
4.869726189064112476e-01
3.722877853771261458e-01
5.038643000832208063e-01
1.533043719131294003e-01
-2.006447518712796418e-01
8.009581597019410637e-01
2.402184645255917017e-01
-5.236727640854231813e-01
-3.061875712468484778e-01
1.826555557458892087e-01
-2.386088797618024504e-01
5.004299600448774976e-01
5.420822917917059725e-01
9.914114334758428182e-01
4.551429587084973027e-01
6.236075397848783730e-01
-8.754733218508088666e-02
-7.614628117964770126e-01
4.289251501214051965e-01
-3.448672167735211680e-02
2.485706238583354211e-01
-9.784955054834955090e-01
1.000000000000000000e+00
-8.642627786251263489e-01
9.653398091106466516e-01
-7.373137572297310260e-01
-1.000000000000000000e+00
2.219567467136126515e-01
3.164387321466655134e-01
-5.218428140463458043e-01
-1.000000000000000000e+00
-6.436824292090079780e-01
1.341248355480146315e-01
-7.334143889503371705e-01
-3.791320294362459098e-01
-1.008338100133427950e-01
-5.079896234975795899e-01
2.996471837967426000e-01
-4.261923638140658888e-01
4.805667875325370098e-01
-3.307699560456954235e-01
3.855583688918460816e-01
-5.271001729633699728e-01
-8.805842475966511040e-01
5.330222646910461742e-02
1.627577416764904306e-01
4.221995129056557161e-01
6.082864550852484786e-01
-1.592959387627649603e-01
1.000000000000000000e+00
-1.407218848848584281e-01
7.215971272795871361e-01
-6.383751130157686582e-01
-1.000000000000000000e+00
7.498913865734394557e-01
-4.141560115751557469e-01
-4.264451938833733746e-01
-2.566515699844954534e-01
-8.451013637524747990e-01
5.796081585827758120e-01
8.713765204208704374e-01
2.668674699587543775e-01
-1.738440280250805881e-01
1.436782510787042999e-01
-4.003796359521518688e-01
-9.951524046731691220e-04
-8.204879042766834996e-01
5.860865070246311648e-01
6.161466828321282563e-02
6.520186187092382735e-01
5.225101119422954632e-01
-1.332044577109974814e-01
-7.691180398296112997e-02
5.975012878694366814e-01
6.143810292419023267e-02
9.282170962327094266e-01
-9.907230189971889533e-01
-8.187142819851418452e-01
6.355304904226201090e-01
3.534387832571205257e-01
-1.000000000000000000e+00
-7.353076219299169436e-01
-2.114098941550327515e-01
-1.271022449737368443e-01
-2.297855925251670595e-01
-3.455297494303325445e-01
-1.676160597278358866e-01
6.731531315667863558e-01
1.380394214330210034e-01
9.752313664904703749e-01
2.102844157232034439e-01
-1.000000000000000000e+00
9.998842399920917501e-01
-9.122442243792829863e-01
7.182629672395940412e-01
5.838339136958025088e-01
1.845036680242462535e-01
