5.716226955283406141e+01
5.773214184093667001e+01
6.229224472101786603e+01
5.732667673282850984e+01
6.617991706964764376e+01
5.723480889721515297e+01
6.604935744741227666e+01
7.575297592783951472e+01
6.675297592783951472e+01
9.402326625757942224e+01
6.675297592783951472e+01
7.528297229859377637e+01
5.909224472101786318e+01
7.517399989261954829e+01
6.616226955283406141e+01
5.760183729848224488e+01
5.727641489804761932e+01
5.729621752534379908e+01
5.773214184093667001e+01
7.522544845445558792e+01
9.402326625757942224e+01
