GEN Mean fit Std Best Ave life
0 -0.395689 14.858021 57.16227 0.0
1 9.177853 18.353849 57.732142 0.0
2 18.980218 22.559579 62.292245 1.24
3 25.213509 21.135055 57.326677 0.12
4 27.967425 18.788043 66.179917 1.92
5 30.290774 21.214946 57.234809 0.0
6 40.691727 18.074529 66.049357 0.0
7 45.663506 18.265068 75.752976 0.0
8 52.09007 13.304511 66.752976 0.0
9 56.00703 10.313369 94.023266 1.8
10 55.288649 7.975139 66.752976 0.0
11 55.806783 9.387034 75.282972 0.6
12 56.503795 4.972045 59.092245 0.6
13 57.559335 2.519066 75.174 0.0
14 56.486805 4.631284 66.16227 0.0
15 55.417041 8.893275 57.601837 0.0
16 57.169949 0.025068 57.276415 0.0
17 57.166804 0.020872 57.296218 0.0
18 57.17789 0.080114 57.732142 0.0
19 56.646101 7.879068 75.225448 0.0
20 58.270733 5.400628 94.023266 1.8
