1.485802085508212400e+01
1.835384909376554319e+01
2.255957900267786798e+01
2.113505466458732585e+01
1.878804270150628142e+01
2.121494572731796779e+01
1.807452873313527775e+01
1.826506837315583809e+01
1.330451066657453474e+01
1.031336873729642178e+01
7.975138614449822860e+00
9.387033718275326066e+00
4.972044594174961141e+00
2.519065721077540232e+00
4.631284129188995458e+00
8.893275400746553316e+00
2.506827163711038142e-02
2.087155378269815384e-02
8.011358887178912647e-02
7.879067729579882773e+00
5.400627560173095532e+00
