-5.307109292801954759e-01
-5.390990127427827683e-02
-8.756464678313016781e-02
6.148617037869194002e-01
-8.775779647490213886e-01
2.925295828107006280e-01
-2.724649935536342382e-01
-8.148068195435520522e-01
-6.409819900474396093e-01
-1.686017575737838725e-01
-7.364286616419231102e-01
7.779134404625922539e-01
6.473849554267210316e-01
8.134591605151149096e-01
-3.098826599173205021e-01
-7.050014509541884244e-01
-3.113985549315813617e-01
3.156532613080915706e-01
-3.970380540108988110e-01
-4.080716731600642078e-02
-7.452538495829159892e-02
-3.086940556786389456e-01
7.682832492382341005e-01
2.326959683924006428e-01
-2.234125169675024725e-01
8.588884941943177864e-01
-8.024884212341806822e-02
3.179023804224052063e-01
-6.920705822572510435e-01
1.000000000000000000e+00
-8.273496470991570373e-03
1.259084779794683584e-01
-4.631748891462410533e-01
-4.473535333153608184e-01
1.739219555055957489e-01
-9.736121496891797511e-02
1.376827709973173497e-01
-4.194924894555661643e-01
5.405220167087335659e-01
8.785715360106449712e-02
-7.023509262371945283e-01
-2.425578417167152390e-01
-1.334874059699572291e-01
-2.650454998248358285e-01
4.224692765169673486e-02
-8.731836607755525392e-01
3.437325255388963274e-01
8.663761047298187412e-01
1.000000000000000000e+00
-9.296730684923493193e-02
9.446571521530735538e-01
-4.181048497594752611e-02
-4.832413823955226673e-01
-7.879126225080570478e-01
1.052993731205242867e-02
-1.000000000000000000e+00
4.603515286083361691e-01
8.701654187786433958e-02
2.103486596115962115e-01
8.134143604406289529e-02
4.526135608913844921e-01
5.281313625323839078e-01
7.276185748702661549e-01
-5.772569464175397735e-01
4.564378248316475206e-01
4.929966731009448322e-02
5.900385810605341952e-01
-1.690890415925443424e-01
-4.307687705696803260e-01
2.438172846776371361e-01
1.952608031464452554e-01
-1.000000000000000000e+00
1.000000000000000000e+00
2.708485098183821549e-02
-1.035698075331450418e-01
-6.053527367092568223e-01
2.357622639981676593e-01
-1.000000000000000000e+00
8.839932281733995367e-01
5.329449527985954393e-01
4.248680148313163096e-01
-3.687661802844917069e-01
-7.785711094448033442e-03
1.277474427792484879e-01
3.946692566669820490e-01
1.054078864418571404e-02
-7.060996478095191708e-01
-1.000000000000000000e+00
3.026256675395427864e-01
1.340314934638311417e-01
3.034657914834807402e-01
-1.077755521642818071e-01
1.973828581352589095e-01
-7.446014090036717770e-01
-4.677893934981657287e-01
-7.476107174951375223e-01
-9.669276762549217086e-02
-1.000000000000000000e+00
-2.025988526007226342e-01
-4.282559944396400198e-01
1.715859823552692287e-01
1.769668256728720024e-01
-6.034453608483085763e-01
2.765317482532976268e-01
1.501208426074942537e-01
-4.916329753054950180e-02
-3.148778060229641129e-01
7.278083562200083900e-01
5.382906185282365641e-03
3.547208963237318269e-01
9.567392449003092603e-02
6.589719551292974042e-01
-5.732577776499386824e-01
-5.286527939964943967e-02
2.715240818641372345e-01
-5.005271207472322681e-01
-1.887988076118065628e-01
-4.889162276972785492e-01
6.122894987766951402e-01
-3.265635908763511730e-01
-2.839453629039832006e-01
1.000000000000000000e+00
4.348008526152284947e-01
-9.677052520124785895e-01
2.256781757817871437e-01
2.329581604371149806e-01
-7.485199175304535490e-01
3.416437808089203831e-01
-1.455548966863234317e-01
-6.515651501685970626e-01
1.125579354017166023e-01
-3.375730174807531903e-01
-5.621442631310054061e-01
-1.810928989570639858e-01
8.434059796715627222e-01
2.516194179891371174e-01
8.149703121662634775e-01
-1.534962884927502103e-01
-1.000000000000000000e+00
8.498602921161599877e-01
1.000000000000000000e+00
9.668320350632648719e-01
-5.877987576130883074e-01
-2.126819539510009793e-01
3.709107152727756929e-01
2.437594440726834066e-02
-1.000000000000000000e+00
-2.540787569184977390e-01
2.199348152082493957e-01
-1.290522741671701612e-01
5.912418067959523960e-01
-3.235752384976328111e-01
1.784030185708736782e-01
5.512220434419834447e-01
1.862404849565696408e-01
-3.559238391174263105e-01
5.495138918088384727e-01
-3.464227536847258593e-01
7.551854947990668254e-01
-1.815544971387361359e-02
-6.817804223645744788e-01
5.192515156466992465e-01
3.282607108298654652e-03
-5.572252079972573879e-01
1.661832953232602605e-01
-2.751333611012616864e-01
-4.069047409025083883e-02
-6.098999973284483511e-01
-8.846380168509405673e-01
-2.178425388990163358e-01
-7.712681955983660131e-01
1.392190562804596077e-02
-6.468764646763406345e-01
-3.291079749971255186e-01
8.700190537656045109e-01
-6.277392776039901756e-01
-4.768676189688260680e-01
2.057882288558781081e-01
-4.744353598841339337e-01
1.620110557033623278e-01
6.473279999214445191e-01
5.683358700512461947e-01
-1.000000000000000000e+00
-8.542390807374943273e-01
1.597317048925083749e-01
8.473715931726295558e-01
-5.746427999646663842e-02
-4.337846159876209140e-01
-1.380266757189851923e-01
6.590486450710428268e-02
-9.259014618030463328e-01
3.737547937824157174e-01
-5.047439771593711377e-01
-7.270563692445705661e-02
6.387500941996797632e-01
6.571877273389545859e-01
-7.719168547124963808e-01
-6.565379745665719247e-01
-2.011163527432953124e-01
-4.602696764955116482e-03
3.630266744742906282e-02
-4.444703693469709282e-01
2.685458563181202241e-01
3.580938125945051231e-01
6.335953448158935242e-01
-2.286422741097770550e-01
-1.728578417299057035e-01
-8.589765862457641177e-01
-9.232295737775806366e-01
-1.018290362179544717e-01
2.387484761771682673e-01
-4.770814980192152888e-01
4.508174956545768497e-01
-7.782680513874287165e-01
9.399607428576173263e-01
-1.737610107658393299e-01
4.245967014402252659e-01
8.483834701757997365e-02
7.117348850050776443e-01
9.928230170715056646e-01
1.880123086158280721e-02
-1.000000000000000000e+00
6.883525382244145563e-01
7.662507378173932793e-01
3.717981671884174055e-01
-6.103821021059979701e-01
5.398699028010010004e-01
3.127363299533103547e-02
-3.455872682763316828e-01
5.796831258938813791e-01
-6.431173092796641511e-01
5.051387817004654446e-01
9.614810277974433772e-01
-7.288341440783701053e-01
2.673574956671707081e-01
5.142534555668653029e-01
-5.808080859867775780e-01
6.184235399192667959e-01
9.692376137866665076e-01
6.182246154883990208e-01
-5.801699262964010728e-01
3.561430868823438622e-01
2.735633472466282856e-01
1.000000000000000000e+00
-9.158321784433943735e-01
5.434382378810521663e-01
-7.452290394610065760e-02
-2.394378405338676297e-02
8.887537269620698899e-01
-5.041684638705994370e-01
-8.343227584886758752e-03
-9.772596680372125366e-01
2.327008193330715180e-02
-6.527046010912209706e-01
8.950563381386357209e-01
-4.382954346883417562e-01
-9.731886586468730949e-01
8.021763757364757108e-01
1.827948672708918920e-01
2.779734358905996960e-01
-6.271306083735206371e-01
-6.836306697038118108e-01
1.924196118440587022e-01
8.804496997396138447e-01
9.971441552128782471e-01
