9.177237888630936880e+01
9.253703951986405229e+01
9.273193985886487667e+01
9.213703951986404661e+01
9.304704041507837076e+01
9.213703951986404661e+01
9.252700044143625746e+01
9.292700044143626315e+01
9.273193985886487667e+01
9.292700044143626315e+01
9.332700044143624041e+01
9.292700044143626315e+01
9.253703951986405229e+01
9.233703951986404945e+01
9.244704041507837644e+01
9.253703951986405229e+01
9.193703951986404377e+01
9.253703951986405229e+01
9.177237888630936880e+01
9.320150296873417517e+01
9.177237888630936880e+01
