7.759999999999999787e+00
1.340000000000000036e+01
2.323999999999999844e+01
2.451999999999999957e+01
4.707999999999999829e+01
4.628000000000000114e+01
6.267999999999999972e+01
5.767999999999999972e+01
6.928000000000000114e+01
7.176000000000000512e+01
7.359999999999999432e+01
7.320000000000000284e+01
7.415999999999999659e+01
7.407999999999999829e+01
7.435999999999999943e+01
7.428000000000000114e+01
7.404000000000000625e+01
7.415999999999999659e+01
7.400000000000000000e+01
7.423999999999999488e+01
7.400000000000000000e+01
