GEN Mean fit Std Best Ave life
0 17.218518 34.915988 91.772379 7.76
1 29.559908 38.496068 92.53704 13.4
2 54.001011 40.181572 92.73194 23.24
3 64.040333 31.296665 92.13704 24.52
4 85.39529 13.362245 93.04704 47.08
5 85.566869 14.643322 92.13704 46.28
6 90.327606 4.067578 92.527 62.68
7 89.725189 5.214951 92.927 57.68
8 91.341411 1.501967 92.73194 69.28
9 91.265317 3.640888 92.927 71.76
10 91.789539 0.950875 93.327 73.6
11 91.709452 0.896775 92.927 73.2
12 91.787672 0.107052 92.53704 74.16
13 91.786765 0.081536 92.33704 74.08
14 91.809165 0.146038 92.44704 74.36
15 91.798965 0.131773 92.53704 74.28
16 91.775672 0.023052 91.93704 74.04
17 91.787672 0.107052 92.53704 74.16
18 91.772379 0.0 91.772379 74.0
19 91.804255 0.200933 93.201503 74.24
20 91.772379 0.0 91.772379 74.0
