3.491598816135611116e+01
3.849606782509685132e+01
4.018157183128980847e+01
3.129666463524557685e+01
1.336224484222068476e+01
1.464332222278870077e+01
4.067578068463538088e+00
5.214950678104655957e+00
1.501967192518720573e+00
3.640887575993235092e+00
9.508747520580412838e-01
8.967747569565728272e-01
1.070524886976556983e-01
8.153552833668785416e-02
1.460375081375329120e-01
1.317729573904174445e-01
2.305248869765449612e-02
1.070524886976556983e-01
1.421085471520200372e-14
2.009331118950470896e-01
1.421085471520200372e-14
