2.137959913428284864e+01
3.996304739758637226e+01
5.677346333071253071e+01
5.686011544777374382e+01
8.701173587691741318e+01
5.687094978993945205e+01
7.486227294591375880e+01
8.458939992297534616e+01
7.474617118842452612e+01
8.701173587691741318e+01
8.446660195700334839e+01
8.839140997390336452e+01
8.516755198344948496e+01
8.721173587691741602e+01
8.701173587691741318e+01
8.603879267830492950e+01
8.764090461150806277e+01
8.939342407327507090e+01
8.759342407327507374e+01
8.701173587691741318e+01
8.701173587691741318e+01
