0.000000000000000000e+00
0.000000000000000000e+00
0.000000000000000000e+00
0.000000000000000000e+00
8.800000000000000044e-01
0.000000000000000000e+00
0.000000000000000000e+00
1.600000000000000033e-01
0.000000000000000000e+00
6.400000000000000133e-01
1.199999999999999956e-01
9.200000000000000400e-01
2.800000000000000266e-01
8.000000000000000444e-01
2.319999999999999840e+00
4.400000000000000022e-01
1.879999999999999893e+00
6.639999999999999680e+00
3.319999999999999840e+00
1.959999999999999964e+00
5.519999999999999574e+00
