9.194772657195336762e+01
9.177237888630936880e+01
9.177237888630936880e+01
9.177237888630936880e+01
9.177237888630936880e+01
9.233703951986404945e+01
9.193703951986404377e+01
9.177237888630936880e+01
9.236355803717005131e+01
9.177237888630936880e+01
9.239599331292319562e+01
9.177237888630936880e+01
9.177237888630936880e+01
9.233703951986404945e+01
9.252482618476616949e+01
9.250013357217579824e+01
8.980278772623587713e+01
9.253109579777975569e+01
9.257611947915371786e+01
9.258272016318507269e+01
9.256956207860756081e+01
