-3.844405946821586872e-01
-4.949086101389937875e-01
1.932232142813080644e-01
1.000000000000000000e+00
3.875525360744013215e-01
3.163506108603977296e-01
3.714675467980136370e-01
-3.768087805804928164e-02
-3.884841296860959137e-01
2.023798852654881408e-01
-2.343571968073002720e-01
1.000000000000000000e+00
-9.525738909884295946e-01
7.636103905179093543e-01
5.713689512322122077e-01
-7.075254845063971842e-01
1.962185976492394346e-01
-8.053327827916009207e-01
-1.736726604937957885e-01
2.946968629527253469e-01
1.627503762427465195e-01
-5.522202254748965755e-01
5.201975070561246639e-01
-6.570174002888732323e-01
-1.876785846411693770e-02
-6.616613590331370531e-01
-3.730726791301121059e-01
-5.192097454160056191e-01
-4.132085568077203952e-02
-5.996497530237767659e-01
-2.276311889540296729e-01
-1.383023706559539656e-01
3.940916703617935446e-01
1.690082635440322001e-01
-7.494415933165868293e-03
8.625648990641554548e-03
6.668172314178655302e-01
5.487333995979556400e-01
-1.959454037052335007e-01
1.000000000000000000e+00
-8.162186849231359842e-01
-4.295849671071953479e-01
-6.797557534490445974e-01
-4.241420807162731288e-01
4.131154437754484543e-01
1.941423044773107343e-01
-6.468180323420575917e-01
3.397662330354913607e-01
1.135499194382036392e-01
-8.567073860480590719e-01
6.221688298964542230e-02
4.282975580924358594e-02
-1.934834724924574534e-01
4.805420004085879659e-01
1.586356775466957192e-01
-2.415856277214347425e-01
5.569574341680709750e-01
7.787950665051583954e-01
4.155912775868401687e-01
-2.900275611317507662e-01
1.297672160048571333e-03
5.454378105711593649e-01
1.740865079650625036e-01
5.189806972615892411e-01
-1.527392679887511762e-01
-9.673639088531135188e-01
-6.316940879611796511e-01
-3.547988739851797857e-01
-1.948550816111454531e-01
-6.993518996750305305e-01
2.742629431493059933e-05
-5.117025775590179348e-01
5.972675770985378385e-01
8.715655172474748857e-01
-2.922113378795135885e-01
-2.287517492272928277e-01
-1.843421213065650210e-01
7.246226850766508409e-01
-8.063462959064691127e-01
1.000000000000000000e+00
-5.773017434289674510e-01
-7.063584122802294418e-01
-1.000000000000000000e+00
-9.145202957715957426e-02
-4.594539777040472228e-01
-9.365410600674116404e-02
3.027505074361571680e-01
4.473153355377757490e-01
-1.337175798429930951e-01
7.048733945109173504e-01
3.882018649858267056e-01
-7.735884278602307429e-01
-5.209317477998510332e-02
8.916387850161562323e-01
-1.966422272844890184e-01
1.192507598251434375e-01
8.881037081562295210e-01
-2.484098158650223653e-01
3.038381056318566475e-01
6.968369191864415280e-01
1.000000000000000000e+00
-1.000000000000000000e+00
3.036250750617803251e-01
-3.310692645908685505e-01
6.528363838158830479e-01
8.151809199846985488e-01
8.366298929713777977e-02
5.311203937921601947e-02
1.575779888810679985e-01
-2.379465429774729746e-02
3.417700528853077069e-01
4.012812223639932729e-01
-1.000000000000000000e+00
1.696384080056159011e-02
-4.554596647468256987e-01
2.295140351407511659e-01
-2.225981883995251653e-01
-1.000000000000000000e+00
-4.612409504679224614e-01
-7.733606184891363977e-01
-3.271647612164449992e-01
4.614386479815337783e-01
5.409059891173360057e-01
-6.352528751616659530e-01
9.251462342434897401e-01
9.065841645627037426e-01
-1.976316306298851744e-01
-2.931480836872825679e-01
-1.299066555695644054e-01
-6.748161276267471420e-01
-3.092522467776638584e-02
5.889700417627656837e-01
-2.105674625487681251e-01
-3.588153627255647460e-01
2.652456817268159517e-01
9.672230657919776986e-01
7.448573829241170730e-01
-7.050039007733632790e-01
-8.895681548511731318e-01
8.393767760654404775e-01
8.707806262569848244e-01
8.197443663191674723e-01
-1.000000000000000000e+00
-1.472345630003552286e-01
-3.020975625270354015e-01
-4.904170184765351270e-01
-3.746467960886956106e-01
-1.530678827035581724e-01
-5.618433291256781370e-01
9.269258872966050777e-01
-1.136865821089063644e-01
-1.566416563928872130e-01
-6.056341938947538972e-02
-3.728868963131024006e-01
-9.783393935106065031e-01
-4.804117416150724407e-01
-1.460795037206267522e-01
-1.150503764803538775e-01
-1.444723715905301131e-01
-7.489438486784502080e-01
1.805456627988893947e-02
-2.492284550111775743e-01
1.250601056387159460e-01
-5.909013920622601113e-01
-5.728481208085359766e-01
-1.924862640688093096e-01
-4.402868167654028775e-01
7.500528201504867987e-01
2.294182048823728559e-02
1.952774483530504424e-01
5.011708529404799162e-01
2.591187798259464992e-01
-3.926156055573461201e-02
-3.584535391896259693e-02
3.948389395283876668e-01
7.513906036342148376e-01
-3.368027044903541545e-01
-5.386008209353186915e-01
-9.065829947095392916e-01
8.219071147150425194e-01
9.999213725599271907e-01
-7.308437101122500223e-02
-5.078833206128599009e-01
-3.932705554876804732e-01
-1.645118679514727678e-01
7.056632357727179450e-01
3.046963034722756092e-01
8.826021934811693059e-01
-1.118031480739598571e-01
-8.704766919930781791e-03
4.211729067029783558e-01
6.220496900173668742e-01
-3.078379160108167811e-01
-3.149744917555584167e-01
5.729580324484586651e-01
6.565723161602894375e-01
-7.886509528475796893e-01
1.655550922929313329e-01
3.950065563090063292e-02
3.240802207331935358e-01
-3.061286222737582552e-01
-9.977029903284668766e-01
9.931650425439995100e-01
5.557823545432971635e-01
1.000000000000000000e+00
4.983509883603913782e-01
-4.609424725312616933e-01
-6.427625639984637651e-01
1.606565987623768121e-01
1.000000000000000000e+00
-8.973534606987630946e-01
-7.525470789424243412e-01
-4.810285776216404741e-01
1.000000000000000000e+00
3.685569792927448352e-01
-1.000000000000000000e+00
9.185526580087547410e-01
1.000000000000000000e+00
5.101229358179486528e-01
1.391417108418176174e-01
2.692955566864699279e-01
8.197474130843649398e-01
-6.139656803615950453e-01
-4.535399313734245208e-02
-1.000000000000000000e+00
-8.731730103445206614e-01
-1.170421248923901869e-01
1.768789419702848642e-01
3.826622715639894090e-01
1.000000000000000000e+00
3.628277107228874421e-01
1.000000000000000000e+00
-6.455524760015055041e-02
-5.419745909195553546e-01
-1.811868516248688332e-01
1.776546864989511643e-01
1.955740726570533994e-01
5.551618876366191113e-01
7.976661643688544023e-01
7.364108608143929979e-01
-4.771278271071058841e-01
2.065674808682477562e-02
-8.936645215838467937e-01
-5.022535215348966631e-01
4.372420678762487523e-01
-5.282403873908960712e-01
-3.783320787028400800e-01
2.875210659666624924e-01
1.728223311155590025e-01
-5.763659983556554400e-02
-6.025061379378201520e-01
6.522823859511598377e-01
-9.178369239120691692e-01
3.084365652313889039e-01
3.405615715080675260e-02
2.136684663323369371e-01
-7.094989440433792094e-01
4.006132585559007975e-01
-2.607799253911877169e-01
1.939652577257011401e-01
1.142572950049536296e-01
-1.000000000000000000e+00
-3.948261383177606443e-01
5.328481800550151082e-01
5.072406100342560231e-01
