8.900230179471869008e+00
2.093923128106433396e+01
4.197495587241149906e+01
5.502630747476735706e+01
6.900907459079425621e+01
7.930501435215040829e+01
8.459074307207569632e+01
8.493712906980705668e+01
8.847934509056341312e+01
8.616371254455057738e+01
8.786784814195988247e+01
8.825273781098097459e+01
8.634765215198143551e+01
8.805535119444752468e+01
8.829764817644272057e+01
8.795278514491275246e+01
8.851650901271618466e+01
8.839898582183364795e+01
8.769286012873335778e+01
8.788045489257856957e+01
8.803585336544293227e+01
1.195873306232478939e+01
1.121260302057294744e+01
3.535542422996889655e+01
4.952328318083579006e+01
6.736508763140777489e+01
7.550771769752817875e+01
7.984868963104071327e+01
8.693115739641748974e+01
8.784607881515458416e+01
8.841737241050147134e+01
9.011390720334918569e+01
9.149596192775406678e+01
9.068636462155038203e+01
9.180045854222694857e+01
9.177536534746013785e+01
9.177237888630938301e+01
9.177387211688476043e+01
9.177387211688476043e+01
9.179637888630939813e+01
9.179567209898046087e+01
9.178916532955585694e+01
1.237243187456698479e+01
3.250802532454370208e+01
4.039499073883322922e+01
6.430527838926508366e+01
8.166064536604025648e+01
8.385730461925396639e+01
8.569644924634094707e+01
8.822810202384707168e+01
8.662357820891092786e+01
8.718918170811404877e+01
8.807427183646848334e+01
8.834761014599014572e+01
8.792903605139945000e+01
8.798801131281744858e+01
8.713601307514772998e+01
8.818343007839028758e+01
8.775024135477650589e+01
8.788060017135148883e+01
8.818793139616067833e+01
8.799900831061599149e+01
8.790756175851264231e+01
