4.360000000000000320e+00
1.208000000000000007e+01
1.248000000000000043e+01
2.112000000000000099e+01
2.776000000000000156e+01
3.367999999999999972e+01
3.187999999999999901e+01
3.539999999999999858e+01
3.211999999999999744e+01
3.552000000000000313e+01
3.964000000000000057e+01
3.620000000000000284e+01
3.187999999999999901e+01
3.443999999999999773e+01
3.500000000000000000e+01
3.424000000000000199e+01
3.039999999999999858e+01
3.132000000000000028e+01
3.452000000000000313e+01
3.247999999999999687e+01
3.171999999999999886e+01
