GEN Mean fit Std Best Ave life
0 12.372432 32.374266 91.947727 4.36
1 32.508025 40.403707 91.772379 12.08
2 40.394991 40.18324 91.772379 12.48
3 64.305278 35.053561 91.772379 21.12
4 81.660645 16.996139 91.772379 27.76
5 83.857305 15.902635 92.33704 33.68
6 85.696449 9.087407 91.93704 31.88
7 88.228102 1.72679 91.772379 35.4
8 86.623578 8.341405 92.363558 32.12
9 87.189182 8.28297 91.772379 35.52
10 88.074272 4.680827 92.395993 39.64
11 88.34761 1.47018 91.772379 36.2
12 87.929036 1.114256 91.772379 31.88
13 87.988011 2.279315 92.33704 34.44
14 87.136013 8.27508 92.524826 35.0
15 88.18343 1.136465 92.500134 34.24
16 87.750241 0.483172 89.802788 30.4
17 87.8806 0.81189 92.531096 31.32
18 88.187931 1.243811 92.576119 34.52
19 87.999008 1.024885 92.58272 32.48
20 87.907562 0.703223 92.569562 31.72
