3.237426582866916647e+01
4.040370673185675088e+01
4.018323980670738393e+01
3.505356056073921422e+01
1.699613883415077353e+01
1.590263514668446021e+01
9.087406629371809430e+00
1.726790204394191841e+00
8.341404803380445543e+00
8.282969905211313488e+00
4.680826615862056173e+00
1.470180204005577584e+00
1.114255659873624849e+00
2.279315410078368132e+00
8.275080332789922721e+00
1.136465174453568538e+00
4.831724758358790228e-01
8.118902945423431827e-01
1.243811291155278109e+00
1.024884826254913506e+00
7.032234709064046907e-01
