3.348401544901264959e-01
4.508910148160395481e-01
-8.165507768951216772e-01
9.419502267294384279e-02
-1.562273911087605216e-01
2.819334817288583483e-01
-5.610570557025581495e-01
5.418863210879635295e-01
-1.000000000000000000e+00
2.113066467948855331e-01
-3.665136679801688224e-01
3.960350591127699549e-02
5.179677439194301236e-01
-2.253911295332826359e-01
3.824045114644337717e-01
5.784419695689183571e-01
-2.248180176621381032e-01
9.175254646528769875e-01
-1.330091802651711674e-01
4.116025205809080711e-01
-7.974897463756864813e-01
6.035874351739237698e-01
2.178637315182415518e-02
-4.168991190026251625e-01
9.655489995424780814e-01
6.068125104674378933e-01
-5.489907280681494139e-01
-3.066916535633635310e-01
-5.087639360422515633e-01
4.861768738321881056e-01
-2.009708774965600631e-01
1.769260645160446871e-02
-1.585616472281964340e-01
1.000000000000000000e+00
-5.877644445550211927e-01
-6.308766700674206529e-03
4.251079388130060144e-01
-2.513177515987847777e-01
1.550446271530524778e-01
8.052488322670925402e-01
3.912290972005846301e-01
3.774410939618094707e-01
-5.155821321440647864e-01
-1.000000000000000000e+00
-7.060072382736021224e-02
9.634988499194632183e-01
-6.352093432836460052e-02
2.552195192093920095e-01
2.146660308435503484e-01
-4.270938757351161463e-01
-7.745775193671711190e-02
-1.257486753749220976e-01
-4.193360466882554149e-01
-5.683905370476241004e-01
-6.189986932150562948e-01
-2.466849084725760699e-01
-2.203622671412291123e-01
-2.365311278465737077e-02
-3.353045710846638272e-01
-3.618898919928606461e-01
-3.991477944341016437e-01
-6.433450320021655289e-02
-4.638480196472428707e-01
-1.000000000000000000e+00
7.856643280341953917e-01
8.633628729479707609e-01
-4.193424469124574783e-01
-1.245946024098213145e-01
-3.384859780198978818e-03
-2.720302099788361738e-02
-5.583035155582645181e-01
-4.557871755536305747e-01
-4.685829404426480327e-01
2.669524496765682819e-01
3.694920676753412625e-01
-1.000000000000000000e+00
-6.270475296647469721e-01
-5.078873882889450853e-01
1.000000000000000000e+00
4.842547570619760711e-01
3.878481573065968302e-01
9.722172611419754862e-02
1.490732619908729795e-01
-1.290560942034318925e-02
-3.848141184053932573e-01
2.587964485378824731e-01
-1.916454514505922524e-01
-6.108569192128092684e-01
2.281606389351626407e-01
-2.028282233583690308e-01
-4.709805074249054924e-01
-5.333683056015170454e-01
5.313706762426679830e-01
-8.764481491451416861e-01
8.725237135217250861e-02
4.165291204583705387e-01
1.023363879488864425e-02
-3.632621327337188233e-01
1.585628128852334118e-01
-5.670356972116612493e-01
5.981610634162353168e-01
9.169960892958783916e-02
7.355113905444906619e-01
-8.966143753242081793e-01
-3.838428328726065653e-01
-4.437017813004320854e-01
-5.747964780035561549e-01
-1.000000000000000000e+00
4.513177507016268297e-01
-2.958359816393010266e-01
-1.000000000000000000e+00
-6.849973836639999814e-01
-2.285573550939061505e-01
9.346193798430165733e-01
-1.632834519093042114e-01
-3.038411520416854916e-01
-2.150048195588900868e-01
4.077573267377925248e-01
-1.000000000000000000e+00
4.014191781554441452e-01
8.498489533580693145e-01
-1.670899684071117802e-02
-5.199286081563219142e-01
-2.020516788739539493e-01
-2.254312118668718445e-01
7.254424265091292678e-01
4.362219477471848683e-02
-7.415763297609624383e-01
1.543682835627414596e-01
-3.237742053827022404e-01
4.856690912579335329e-02
-1.733566511995736636e-01
-5.291278458935806395e-01
-1.000000000000000000e+00
3.806462493148847215e-01
2.679794909334695663e-02
6.452087244192943050e-02
-7.721255737783118134e-01
1.575033425357534322e-01
-2.495647211759988160e-01
2.122531532567670243e-01
-5.544409736039098702e-01
-1.000000000000000000e+00
8.426519109872648849e-02
9.572550469031403386e-01
3.362878760240384235e-02
-3.945950719167138909e-01
-5.403250722133879913e-01
-1.185978979398625288e-01
-4.123846246062275456e-01
-5.084599465246270045e-01
3.830418542777730417e-01
8.284909991413849650e-02
-2.015822755561809954e-01
8.334355474814916231e-01
-5.616313145135681806e-01
-7.446809431364519449e-01
-1.000000000000000000e+00
5.621343726877745528e-01
-6.793487642766190548e-01
4.819181341130622798e-01
1.000000000000000000e+00
5.508218659845774967e-01
-8.675946223186559170e-01
-2.084434390416529670e-01
1.000000000000000000e+00
-1.073138454264718766e-01
1.484170862358744070e-02
-2.811668405220934530e-01
-4.530764473523117841e-01
3.307340388222327343e-01
-1.147171570738352298e-01
8.308268960852867036e-01
-5.983406963413092639e-01
3.205602756557169863e-01
7.354876197534412352e-01
-1.000000000000000000e+00
-8.661018987488717791e-01
-4.878784235869196850e-01
-1.490793331392093468e-01
-1.000000000000000000e+00
2.803640052343789671e-02
-5.499124767787189061e-03
-8.509072340059021800e-01
-3.240068139707865669e-01
2.802282405899776951e-01
3.175740066612386392e-01
4.357812713969771434e-01
-2.872673051184487791e-01
-9.751105492598993729e-01
-8.911144424177508405e-02
-8.717037735596980808e-01
-7.322519424992718351e-01
-7.040677961987983347e-01
-3.508848675837328845e-01
1.726853778916921101e-01
-3.797678499184994894e-02
6.779110891984519993e-01
-7.389943253442607385e-02
-1.000000000000000000e+00
9.109509636639311347e-01
-6.518397658270675965e-01
7.113031041281030475e-01
2.836920392868235719e-01
-7.317616547106740033e-01
9.411225748830647220e-01
6.080670894122671699e-01
5.438066611373781889e-01
-2.417654868373755178e-02
-5.622089996984670490e-01
1.137648418882526019e-01
1.074053115172802775e-01
-2.590027332684239347e-01
-2.098184101366091237e-01
-2.345549534734827357e-01
-2.014195183858339400e-01
1.000000000000000000e+00
-5.131310669866447904e-01
3.970609801194471267e-01
-6.496320886819036966e-01
9.045827092568968497e-02
1.000000000000000000e+00
-1.968868469775786334e-01
8.677964172940126897e-01
-5.977973884263914073e-01
-7.269949525949315206e-01
-2.936667908619988721e-01
-9.768326348649702950e-01
1.937473708825076246e-01
6.535180930353801099e-02
-2.604186722764972872e-01
3.650290596176534175e-01
2.597218903846965077e-01
-9.662025121277508788e-01
-3.951544108427146318e-02
4.841113727089109697e-01
-6.564568038390552474e-01
-1.000000000000000000e+00
-5.304942859860679594e-01
9.930995404507716451e-01
-1.000000000000000000e+00
1.870512388513458080e-01
1.000000000000000000e+00
8.357324183136374263e-01
1.462685476583107103e-01
2.269705962786030262e-01
-3.356643912669737273e-01
-2.944887866408839039e-01
2.678215358003184221e-01
-4.673836097639342269e-01
1.000000000000000000e+00
-2.564747212286132283e-02
7.195879596994505523e-01
3.195055453014969959e-01
-5.386670013439374266e-03
2.585860930118553114e-01
-9.499521182287805621e-01
9.253057804318475243e-01
7.756359965028428727e-01
1.000000000000000000e+00
4.927675579640388159e-01
-8.431634090162105633e-01
-2.954768314487121739e-01
5.601854165831348098e-01
-2.963051043670194007e-01
