GEN Mean fit Std Best Ave life
0 -2.311588 8.43668 30.774253 0.0
1 1.956837 9.760122 30.127882 0.0
2 7.302037 10.030997 30.807043 0.0
3 9.752759 11.090726 57.386872 0.0
4 12.44214 11.791905 57.386872 0.0
5 14.827153 12.118758 57.386872 0.0
6 14.855105 8.941527 57.409013 0.0
7 13.493542 6.946634 30.752976 0.0
8 14.73855 5.568549 30.752976 0.0
9 14.382152 5.047867 30.648142 0.0
10 14.063921 4.515259 39.203942 0.0
11 13.712478 3.866998 39.379599 0.0
12 14.051789 3.746109 30.643414 0.0
13 14.235522 3.930911 30.643414 0.0
14 14.066743 3.788579 30.638708 0.0
15 13.885867 3.619645 30.638708 0.0
16 14.061775 4.164879 30.638708 0.0
17 14.232861 4.28053 30.638708 0.0
18 14.933155 5.335636 39.319827 0.0
