2.238220363721871164e-01
-2.148562447874070025e-01
3.520551944373299658e-01
-7.689542620798479611e-01
5.593782327800663756e-01
-4.024023358722370602e-01
-1.566720940724968258e-01
-2.576905959292752346e-01
-1.000000000000000000e+00
-1.000000000000000000e+00
4.410894778909786318e-01
-6.276676907407769956e-01
1.000000000000000000e+00
2.895079831691038108e-01
-3.789240806470531298e-02
-4.106071740230587963e-01
4.411229951801245996e-01
4.414832869549484284e-01
4.021177589747047532e-01
7.092366810313130987e-01
2.013368062922461510e-01
9.647627563670191364e-01
3.141143073485088699e-01
3.152116616840335839e-01
-7.947432851424799383e-01
1.341110474791373797e-01
4.730630895667592428e-01
6.977215281048385620e-01
3.365689041019607197e-01
-2.202175774953567533e-01
7.194427122891752791e-02
1.138009164112848415e-01
-7.643829950460467870e-01
-3.360226023867503020e-01
2.067100604050866597e-01
-2.760456398635784403e-01
7.568815042255629955e-01
4.711677762394623770e-01
-2.505158985824860185e-01
-8.710841772198857358e-01
-9.592456010233958441e-01
-2.364884474475269227e-01
1.888951325535037640e-01
-1.565241883151943514e-01
6.918681928182022212e-01
7.021293052758852404e-01
1.000000000000000000e+00
3.250625625809432373e-01
-4.172394176019509904e-01
-1.770788720588754028e-01
7.400601047053253501e-01
4.290163621635161295e-01
5.259552317418496603e-01
-1.436286128225100212e-01
-2.956976702576225025e-02
-1.534306295273328291e-01
-5.062577364813117820e-01
6.932703852544739309e-01
-4.882936602248844071e-02
2.364250177435185951e-01
-7.428621251899018008e-01
6.062603724049179243e-01
3.742357374566274153e-01
1.000000000000000000e+00
1.853275584307204071e-01
6.575561540064485122e-01
1.719971235276728794e-01
1.366711170894704952e-01
-1.000000000000000000e+00
-4.479319910741050847e-01
-1.846941234944845522e-01
4.341058436237713036e-01
-6.232347112016940471e-01
6.242046680256263524e-01
-2.349170627848948256e-01
-1.984434414192426666e-01
8.979953023087583475e-01
-5.610383172966164622e-01
-9.133852443290702006e-01
8.233339721327977978e-01
-1.947240797294655934e-01
-4.166345724126611638e-01
-9.139215186478333308e-02
-1.496085195151711233e-02
8.963303766536779849e-01
-4.647924954870156222e-01
1.882713162036636079e-01
-3.603363258298010741e-01
-7.572514705918111932e-01
-3.845165730396538639e-01
6.736195515197160311e-02
-3.516745730125402369e-01
2.765109734150290044e-01
6.413917275547698083e-01
7.674523860664315134e-01
4.556990946435119927e-01
-5.496290277246675959e-01
4.985027730256085254e-01
-8.203090954561620407e-04
-2.517597113579904677e-01
8.186489699417154320e-01
2.014108685478396277e-01
8.076236331294320836e-01
4.209265650410076720e-02
-4.834019609807398421e-01
-3.983857144776861703e-01
7.820043657220248079e-01
-4.594048882582471571e-01
9.629450870875301272e-01
-3.357823965765658891e-01
-2.227745816049080119e-02
-1.000000000000000000e+00
8.093626188133503652e-01
2.591627001991078649e-01
1.317655538303195151e-01
1.400899060328332779e-01
8.106492584067561680e-01
1.607078380511046678e-01
-1.264925783037507134e-02
1.175383689668716425e-01
4.285805709233636573e-01
1.000000000000000000e+00
1.000000000000000000e+00
1.576222355839280720e-01
6.110421376252410663e-01
-6.227157725474703476e-01
3.319143913080881136e-02
6.708070717526413151e-01
1.000000000000000000e+00
4.787809386617269958e-03
-4.233524183899255444e-01
1.043618606763345724e-01
6.281960475400791832e-01
2.628231538781296006e-01
-2.092277535312894732e-01
4.666205107296593213e-01
1.000000000000000000e+00
-3.610942549325247275e-01
8.210061728633948341e-01
4.206000728348682216e-01
-9.513554757258984029e-01
-1.709791134368648935e-01
2.336062182347234673e-01
-7.245332735124224710e-01
2.855528496609704980e-01
-5.091210973546483887e-01
-1.603428133910313469e-01
-1.007407105578627116e-01
2.777321420987892142e-01
-4.517056936980695658e-01
-1.000000000000000000e+00
7.696053727306976233e-01
5.716561940604504288e-01
-8.422050293821505829e-01
-2.186290681779312628e-01
6.209161342493637603e-01
5.856993338821209205e-01
-6.054627488640755839e-01
-8.128889957495382124e-01
-5.893192794592344574e-02
6.182559415634019118e-01
6.545559839095482779e-02
-1.305772629996582168e-01
-1.208992887860749765e-01
4.777575886826889717e-01
1.252459054417674467e-01
-9.114507826327078455e-01
-8.677444755454318814e-01
9.653727935648094283e-01
-3.268273637548959054e-01
-2.818391606929444571e-01
8.690825962597384935e-01
1.942316919460111979e-01
6.779291918492827973e-01
-1.000000000000000000e+00
3.472335641295021258e-02
-8.820228987244758123e-01
9.301736381936875908e-03
-1.000000000000000000e+00
4.115977866707741795e-01
-3.498348783688196018e-01
8.825414631437948909e-01
-7.738050809595919954e-01
-4.838418097815799790e-01
5.876759095502015473e-01
-2.701550610014610276e-01
-6.953600459184976490e-01
4.512222927205773448e-01
9.935729556162391507e-01
-5.331385832519663914e-01
-1.910696013278544991e-01
-1.000000000000000000e+00
-3.353488070878460348e-01
-6.475755740901181223e-01
1.242742684140041298e-02
-1.812899757962175284e-01
3.599176413606941516e-01
6.614357400284839317e-01
3.097184891334121559e-01
-7.372899417591358695e-01
-3.935498769587888468e-01
8.241095750795210950e-01
-4.121408842564091013e-01
5.284264488617375077e-01
-9.181740992455963424e-01
-3.045600439202521548e-01
8.089059090502916938e-01
-2.459862066014434356e-01
-8.676538616952853555e-01
1.000000000000000000e+00
-6.908051647886918056e-01
-3.919822117524339178e-01
1.586527262971924035e-01
6.998125013169415043e-01
7.796855461367195872e-01
-1.623234747389001864e-01
8.067761583141562776e-01
1.144539044449764953e-01
5.786211333092519116e-01
-1.268758907597696828e-01
-2.444667096822542018e-01
3.656207647387808013e-01
4.392386968082789833e-02
3.207803411105293323e-01
4.284831032699837339e-01
-6.174278938935930938e-01
9.822344341196131978e-02
6.618716422763520901e-01
5.108777814110346815e-01
9.939009575326580581e-01
-5.277834681326252220e-01
-3.000369381202807606e-01
-4.418696074685910524e-01
-5.775876933746458830e-01
4.479836500852019121e-02
8.251441669371117893e-02
-1.258386675350470219e-01
9.261128479809135339e-01
7.619945676046151473e-01
-3.558061628488414785e-01
-3.563586557016009126e-01
-3.001207309363668196e-01
-1.000000000000000000e+00
2.721426528242277404e-02
1.937524614191766803e-01
1.059465419307231704e-01
-7.953727448559544388e-01
-1.000000000000000000e+00
1.237878256398802779e-01
9.825925541714468636e-01
-6.802733040774322504e-01
-4.138979651551678574e-01
-1.950808693399183613e-01
-5.076072963542682670e-02
1.390102939858392228e-01
-1.443397417418305906e-02
-7.365908027613957687e-01
2.225080888729549233e-01
4.154841500856295000e-01
-3.402099843423123104e-02
-9.789017425032748854e-01
-4.851932210410549451e-01
1.000000000000000000e+00
8.275991055809858166e-01
3.613996253956109905e-01
