9.258272016318507269e+01
9.257611947915371786e+01
9.177237888630936880e+01
9.237065437104556054e+01
9.237065437104556054e+01
9.237065437104556054e+01
9.213703951986404661e+01
9.204704041507837076e+01
9.224704041507837360e+01
9.352700044143625746e+01
9.277065437104556622e+01
9.237237888630936311e+01
9.213703951986404661e+01
9.217237888630936027e+01
9.184704041507838213e+01
9.177237888630936880e+01
9.184704041507838213e+01
9.184704041507838213e+01
9.257237888630936595e+01
9.237237888630936311e+01
9.233703951986404945e+01
