5.799999999999999822e+00
5.240000000000000213e+00
1.380000000000000071e+01
1.839999999999999858e+01
3.032000000000000028e+01
3.960000000000000142e+01
4.367999999999999972e+01
5.100000000000000000e+01
5.152000000000000313e+01
5.556000000000000227e+01
6.768000000000000682e+01
7.064000000000000057e+01
7.004000000000000625e+01
7.428000000000000114e+01
7.400000000000000000e+01
7.400000000000000000e+01
7.400000000000000000e+01
7.400000000000000000e+01
7.423999999999999488e+01
7.423999999999999488e+01
7.415999999999999659e+01
