GEN Mean fit Std Best Ave life
0 11.958733 30.88364 92.58272 5.8
1 11.212603 29.606402 92.576119 5.24
2 35.355424 40.300354 91.772379 13.8
3 49.523283 35.698414 92.370654 18.4
4 67.365088 31.090404 92.370654 30.32
5 75.507718 24.784153 92.370654 39.6
6 79.84869 19.720125 92.13704 43.68
7 86.931157 11.422883 92.04704 51.0
8 87.846079 9.101172 92.24704 51.52
9 88.417372 11.300824 93.527 55.56
10 90.113907 8.721462 92.770654 67.68
11 91.495962 1.294933 92.372379 70.64
12 90.686365 6.187462 92.13704 70.04
13 91.800459 0.092963 92.172379 74.28
14 91.775365 0.014631 91.84704 74.0
15 91.772379 0.0 91.772379 74.0
16 91.773872 0.010453 91.84704 74.0
17 91.773872 0.010453 91.84704 74.0
18 91.796379 0.124193 92.572379 74.24
19 91.795672 0.114168 92.372379 74.24
20 91.789165 0.0872 92.33704 74.16
