3.088364012882423282e+01
2.960640202511383379e+01
4.030035408892983639e+01
3.569841420514713803e+01
3.109040431257053427e+01
2.478415280556290412e+01
1.972012506758916572e+01
1.142288287048685724e+01
9.101171601068752892e+00
1.130082391171261413e+01
8.721461659696704061e+00
1.294933377375181438e+00
6.187461923762251459e+00
9.296297600493060032e-02
1.463061191201674681e-02
1.421085471520200372e-14
1.045261402766186482e-02
1.045261402766186482e-02
1.241933975700792864e-01
1.141676787238250917e-01
8.719992576014552743e-02
