1.385119959889685726e-02
-1.000000000000000000e+00
1.000000000000000000e+00
6.101578781542944807e-02
2.621039587974468565e-01
3.455863856391326872e-01
1.005788540263357483e-01
-2.790114077075038779e-01
8.228429886867816290e-01
-1.000000000000000000e+00
-4.925790758866215313e-01
1.295482944540191916e-01
-4.368203704306698465e-01
-1.000000000000000000e+00
-1.000000000000000000e+00
-5.273472263609861876e-01
-3.808967875460046448e-01
9.622676099527115445e-01
-7.153756219975559993e-02
6.819062175216221711e-01
7.083719583902802208e-01
-1.000000000000000000e+00
-8.565965672752715032e-02
4.055155146008371236e-01
1.827041300081299613e-01
7.682291030043568725e-01
7.811897067587133536e-01
-6.660074658452899143e-01
-8.707665273598373945e-01
1.000000000000000000e+00
3.485280226082125843e-01
9.433376612457666788e-01
-2.435579753665897407e-01
-5.646287903417560594e-01
-5.516273478303435063e-01
-3.799139533476624253e-01
-4.273726763838658904e-01
-1.000000000000000000e+00
-7.202454397360802396e-01
-1.288149136775717518e-01
-1.009822534697638607e-01
-1.928503232193399530e-01
1.120077178186456857e-01
-3.084002580948423944e-01
-1.534813254331142129e-01
-4.462859430440477837e-01
-1.023095713825736830e-01
-5.920039799480155684e-01
-7.497842630575832779e-01
-9.671093114542865798e-01
2.664902085652476882e-01
1.559853667275966915e-01
5.446214574472052483e-01
-1.654114701515659036e-02
-4.451132115207284690e-01
1.869779841531618025e-01
-1.247144597962476231e-01
1.119070329418315191e-01
-2.103797966321975799e-01
-8.775857902030329560e-01
-8.961821177409379224e-02
-3.595022142658814701e-01
7.825458689382257527e-01
8.029451433198439014e-01
-8.423446837648229657e-02
-1.651023927761779975e-01
4.342884793265048421e-02
-3.312284573553668510e-02
-1.254711746320705812e-01
-8.989267732394954358e-01
-1.000000000000000000e+00
7.032580811196222914e-01
2.479645067362437061e-01
6.217074029609974684e-01
-9.606461528425556118e-01
4.139161828091080242e-01
4.023063843755688707e-01
-4.717169910687941115e-01
4.725031556028304325e-02
5.436856113168312410e-01
-8.215627408789303310e-01
1.000000000000000000e+00
-1.000000000000000000e+00
3.204611786814598462e-01
6.181235579275223824e-02
-9.614837438755230448e-01
-1.000000000000000000e+00
1.036423805223454231e-01
8.835193996328092325e-01
-4.748296407216458515e-01
4.791637964620369394e-01
3.736324708755147661e-01
-1.749892338019032878e-01
-7.325099980028213498e-01
-1.000000000000000000e+00
2.531141054538351698e-01
-8.890654185254804887e-01
-5.145868555834425262e-01
5.178511568870908244e-01
-1.000000000000000000e+00
-7.126063204553398922e-01
-4.810529896135524730e-01
-8.112090683861832296e-01
2.596753385679659853e-01
2.603923284518330217e-01
-8.627074379681310967e-01
-1.749087645404456826e-01
5.086463190779345611e-01
-7.613392556750809836e-01
-2.685495994626836413e-01
-7.260808038278758758e-01
1.000000000000000000e+00
1.280495391333912325e-01
5.376879549340546349e-01
9.174583605345297543e-02
-8.453781191945930473e-02
7.973044394223127718e-02
9.939534821716345947e-01
-5.440152266302700212e-01
-4.589986050727036804e-01
-1.287121426197982144e-01
-6.425463275743117375e-01
-5.430170177520151631e-01
-9.431972067163933993e-01
-1.706029719766187225e-01
-3.264560854538602341e-01
-1.444986756377292514e-01
8.030592230115474184e-02
-8.636228202886144789e-01
6.538914225592049601e-01
7.248374547431695181e-01
4.678842502306306272e-01
-3.708660108620620566e-01
-1.000000000000000000e+00
-5.175464181204104674e-01
4.924845606683487809e-01
-4.112598728662095193e-01
-9.313409580848192038e-01
1.000000000000000000e+00
-2.701373195462883348e-01
5.767343817581307430e-01
4.476571721554828964e-01
-3.422929465508921520e-01
-3.207889509885101242e-01
-5.045543392115113823e-01
-4.285279746220964081e-01
-1.566582356598086312e-01
2.480572509478574106e-01
-2.623531929846454336e-01
1.769348170368749973e-01
6.346587222423861752e-01
4.643935430752926807e-01
-2.422319726000500828e-01
-3.136690917984944482e-01
5.262411873378989302e-01
-2.487554924881717200e-01
9.276325221088571604e-01
-5.300785297291064069e-01
1.142808170034539522e-01
-7.021406461775711039e-01
-1.317964914735457738e-01
-2.450194124946474539e-01
-1.585691179081084590e-01
3.639281909422770189e-02
5.611106945343111718e-01
-2.391653395387435266e-01
3.550366120666121894e-01
-6.020962639934265281e-01
5.231809577813262280e-01
5.792094156908058622e-01
-1.026365933006261749e-01
-9.958301691735094163e-02
4.268195345622239900e-01
-4.286192059758775486e-02
-6.896161265095379633e-01
-2.733441760597584702e-01
4.433946482071642325e-01
6.951635047835488246e-01
-8.775324456918288663e-01
-1.153083011420621418e-01
8.200949147672662587e-01
-4.961302020963224702e-01
-9.530109237098732811e-01
-2.148694632824501571e-01
-6.169085680652079962e-01
2.613349567224808601e-01
4.229419666409000578e-01
4.059854653113975642e-01
1.484040661477403766e-02
2.900459651179272957e-01
-3.330509285023280919e-01
-8.443180835346902890e-01
4.386170342840822745e-01
3.382004600043188036e-01
7.554197225699436080e-01
8.911478983751891514e-01
-1.839418306498048494e-01
-2.857033441168726484e-01
2.391659488597920324e-01
2.469288933421525112e-01
9.150066156980298793e-01
1.000000000000000000e+00
1.281846056994637995e-01
9.085704159967444848e-02
5.017886535573841122e-01
-7.667359832271375408e-01
-1.000000000000000000e+00
-5.634089926444126040e-02
2.282960985134125653e-01
-7.097382070781028673e-01
-3.560217778983746362e-01
3.167262149058331921e-01
3.494289694106927913e-01
3.576969299542898106e-01
-5.361272777565196934e-01
-2.184333313753826222e-01
-3.392467198431312614e-01
7.071319709374341844e-01
9.817421919586257761e-01
-7.853005043787076866e-01
-1.433099539555726110e-01
2.557044211997805405e-02
-5.533313777749931939e-02
2.426038501998807606e-01
-2.426041763419646280e-01
-2.157852846498498067e-01
3.602679395733452417e-01
3.854999633516356661e-01
-4.471998966362801253e-01
-4.817853871690146450e-01
3.210780835266836553e-01
-6.337275303321787678e-01
2.710810988221504791e-01
3.914063710181621136e-01
-1.000000000000000000e+00
4.590206669070956425e-01
-1.525540263062725721e-01
1.387140116930974942e-01
-4.005563361262090005e-01
-9.382622145471070096e-01
3.563649511356460353e-01
-4.115459533842036333e-01
5.516099388353220556e-01
5.123984881003581515e-01
9.325848988424612074e-01
-7.230011610382508502e-01
-6.709332224166423275e-01
5.231818827265172223e-01
7.553276188844094685e-01
8.633660468328918647e-02
8.666912399935566835e-01
8.010550609655053833e-03
-4.398015070711531749e-01
-1.847478288603122965e-01
-2.397912389710758763e-01
5.566213134722221012e-01
1.420970877544115996e-01
-2.605517846024328621e-04
1.921172125212106674e-01
4.625828778758895865e-01
-5.758184747017658367e-01
-4.498114757341906689e-01
1.876450812055442119e-01
-2.781699131383121304e-01
-3.146195260239283420e-01
