6.626342770252080072e+01
5.719486503108350917e+01
5.773214184093667001e+01
5.727315225241279961e+01
7.505457939139341761e+01
7.493621479131239482e+01
6.675297592783951472e+01
6.675297592783951472e+01
7.524109822612271614e+01
6.604416263053516900e+01
5.909224472101786318e+01
5.773214184093667001e+01
5.773214184093667001e+01
6.622544845445558792e+01
7.521310261863328606e+01
5.760183729848224488e+01
7.575297592783951472e+01
7.575297592783951472e+01
7.575297592783951472e+01
6.616226955283406141e+01
9.077695410451697455e+01
