-9.604186624160678809e-01
9.903597859545202553e+00
9.597434425286524018e+00
1.156401415695064472e+01
1.642515903698135560e+01
1.899721347691765772e+01
2.033692697206289424e+01
2.580053869050167492e+01
3.184320582548452805e+01
4.323083250397026944e+01
4.264167423655970168e+01
5.034444343793072107e+01
5.348745490622355447e+01
5.473596462936231433e+01
5.580473674482978907e+01
5.435451696458137860e+01
5.612323742409844129e+01
5.617867592420208211e+01
5.665492439057416618e+01
5.724256649839507105e+01
5.739152995804734303e+01
1.439771476533139305e+00
1.326902684178821179e+00
9.945191849497511782e+00
1.246933190871084740e+01
2.196606893255378523e+01
2.984383485176009287e+01
2.283058315304226937e+01
3.260028343487979896e+01
3.887981144708896153e+01
3.885181250604693304e+01
4.972156789931959509e+01
5.274074852906726107e+01
5.666718903833277210e+01
5.501383859710920632e+01
5.453744932804085721e+01
5.436634885983312415e+01
5.809360951018560826e+01
5.539728556134743798e+01
5.791253566007019060e+01
5.846804696918816546e+01
5.765993599455872953e+01
-3.033788739072891705e+00
-3.012191067994151039e-01
3.846803646546459454e+00
5.454418893100339893e+00
1.860433468491193842e+00
8.282171783437126678e+00
1.285506455323344355e+01
2.755193829516397130e+01
3.514628489205757944e+01
3.631935685770038447e+01
3.240751075717533780e+01
3.826686468778985528e+01
4.521630255974375245e+01
5.369027423471275995e+01
5.283678439208004107e+01
5.756110443864070447e+01
5.599516992978253427e+01
5.756343922154129444e+01
5.684967611981416979e+01
5.761750822896181745e+01
5.720094844302106196e+01
-3.956889425193657051e-01
9.177853315572983561e+00
1.898021757539210341e+01
2.521350896470333680e+01
2.796742538810651979e+01
3.029077392150354697e+01
4.069172698616483785e+01
4.566350617315058003e+01
5.209007033289994126e+01
5.600702967394846610e+01
5.528864891512795765e+01
5.580678254040222441e+01
5.650379501905678126e+01
5.755933533085191556e+01
5.648680544639042012e+01
5.541704085722394524e+01
5.716994917935975451e+01
5.716680384946039339e+01
5.717788956749082274e+01
5.664610147676336993e+01
5.827073302729073134e+01
-2.171227507289046343e+00
-1.925723895256375551e+00
8.528468321134619501e+00
1.527471945646441398e+01
1.937747911248790800e+01
3.153391514859666245e+01
3.686927448216695780e+01
4.245827137939496509e+01
4.532674268844766630e+01
5.331577070296060583e+01
5.487641864687968507e+01
5.661354885045781060e+01
5.825560197065397006e+01
5.772322737585434993e+01
5.724444790707681108e+01
5.719788853562396724e+01
5.739227239214292808e+01
5.758197427053313078e+01
5.739428854450212469e+01
5.734904590495874999e+01
5.717084835735630577e+01
-1.702955537809570374e-01
3.844096995402955574e+00
8.375412770740968682e+00
1.312846590713905393e+01
1.983672929503535798e+01
2.019149210229278069e+01
2.427849078366574886e+01
2.722084273639589824e+01
3.592207089180224244e+01
3.944142159385768309e+01
4.857976977273487762e+01
4.941857348196995758e+01
5.174514074629038873e+01
5.620759561930165660e+01
5.774755741939362252e+01
5.611188178287732597e+01
5.756323003365266544e+01
5.758937780280410834e+01
5.701162731886882540e+01
5.609053046790327812e+01
5.874433457332784769e+01
