GEN Mean fit Std Best Ave life
0 -0.170296 14.12952 66.263428 0.0
1 3.844097 12.856857 57.194865 0.0
2 8.375413 14.594766 57.732142 0.0
3 13.128466 14.57092 57.273152 0.0
4 19.836729 19.209579 75.054579 0.0
5 20.191492 16.964624 74.936215 0.0
6 24.278491 17.503336 66.752976 0.2
7 27.220843 16.456509 66.752976 0.0
8 35.922071 20.986829 75.241098 0.0
9 39.441422 18.817469 66.044163 0.0
10 48.57977 15.448773 59.092245 0.6
11 49.418573 14.84245 57.732142 0.0
12 51.745141 12.654027 57.732142 0.0
13 56.207596 6.308511 66.225448 0.0
14 57.747557 2.801953 75.213103 0.0
15 56.111882 7.540586 57.601837 0.0
16 57.56323 2.600488 75.752976 0.0
17 57.589378 2.599003 75.752976 0.0
18 57.011627 5.868087 75.752976 0.0
19 56.09053 8.936005 66.16227 0.0
20 58.744335 5.6105 90.776954 1.32
