1.412952047948064660e+01
1.285685668803893833e+01
1.459476632612073743e+01
1.457092049520487009e+01
1.920957890818608860e+01
1.696462378794764092e+01
1.750333570965432273e+01
1.645650873930426172e+01
2.098682871710273901e+01
1.881746859104408998e+01
1.544877286482024026e+01
1.484244992567964871e+01
1.265402674120855764e+01
6.308510680212181754e+00
2.801953112806816470e+00
7.540585887210709437e+00
2.600488387928259204e+00
2.599002888679677881e+00
5.868086547508605477e+00
8.936004775088282059e+00
5.610499824603843777e+00
