3.062936197187234200e+01
1.301639337829166720e+01
3.071173296930546215e+01
3.929288973525112283e+01
3.808526910728143378e+01
3.057065437104556338e+01
4.838687189361193219e+01
5.736521039683075429e+01
4.841650369121830977e+01
4.834051778424037593e+01
3.063870783429057099e+01
2.196956207860756649e+01
2.196956207860756649e+01
2.196956207860756649e+01
2.182951600496184597e+01
4.846266573298145630e+01
3.947454706086822540e+01
3.073214184093667356e+01
3.073214184093667356e+01
3.068188000615578304e+01
4.829955642660931403e+01
