-9.981275328200507335e-01
-6.620665053617329487e-01
-1.000000000000000000e+00
1.000000000000000000e+00
-7.062579325442845946e-01
-1.000000000000000000e+00
-4.961695477779002328e-01
7.453731999461464808e-01
-6.405902965753093037e-01
-9.863055625067652654e-01
1.992800851381993504e-02
2.779612390082153439e-01
6.448775751241681009e-02
-1.265335281179026938e-01
-7.089033490682239425e-02
8.009376333959336014e-01
4.436989356839938781e-01
6.817681209753885252e-01
-9.731918447350179635e-01
-1.124100561646048935e-01
-2.618433888024153666e-01
2.357821881516031226e-01
8.900983575597567476e-01
1.000000000000000000e+00
-4.507277388726070866e-01
8.142053920292533498e-01
1.000000000000000000e+00
1.101223594542364848e-01
2.757617654447531153e-01
-1.000000000000000000e+00
-5.874179378643873406e-02
4.302044168735283947e-01
-1.782059080986050925e-01
4.862869724628002821e-01
-2.700780139549568970e-01
-5.424278887385994286e-02
2.101078844383306443e-01
-1.420835255133142683e-01
3.454561611472590776e-01
3.641402806653784019e-01
1.264188941674966316e-01
-3.215716398177607127e-01
-3.948460871649940584e-02
-1.000000000000000000e+00
1.000000000000000000e+00
-5.113253332779350568e-01
9.924028583151766059e-01
6.319018202737332057e-01
-6.864541823275573940e-01
6.607709194015196630e-01
-5.606671662692728209e-01
-7.736610419258925786e-01
4.389241687322609775e-01
-7.342936376458586434e-02
-2.204354414637463011e-01
1.000000000000000000e+00
-1.360008989487441200e-01
2.148451178663221273e-01
5.360057044985223618e-01
2.213730498463000185e-01
4.402936132876591468e-01
6.120847916336945582e-01
8.063013281222493056e-01
-1.842009555906277962e-01
2.201771055375073560e-01
-7.461053074742274305e-02
9.201798196504693550e-01
-1.597229111343161367e-01
-2.747726820577637841e-01
-7.987461031320159943e-01
3.411261283304134473e-01
6.230068944487576754e-02
-4.039467174399328231e-01
-8.198448845548199637e-01
1.000000000000000000e+00
6.087409256084451714e-01
-3.170891186428994590e-01
1.000000000000000000e+00
-3.294399629965628629e-01
3.959547667030943185e-01
-2.376633178686205217e-01
-1.000000000000000000e+00
7.645794473268405778e-01
-6.265391009104069875e-01
4.138977593784479159e-02
1.453917181443750428e-01
9.283676721768336915e-01
8.240345574530740791e-01
-4.818395268279594412e-01
1.799186448264725735e-01
4.746941111593424578e-01
1.973025646911485964e-03
-6.746492641599247664e-01
-6.398764340416085439e-01
7.445982232688447278e-01
5.328258744275793379e-02
-4.588360085463917271e-01
1.000000000000000000e+00
-5.979419748023095948e-02
9.044499775374562067e-02
-4.145371499963355910e-02
1.003383462961819905e-01
1.000000000000000000e+00
-1.640464235069901133e-01
-2.203257355145596952e-01
-8.687661026169920531e-01
-6.692291712323300557e-01
-4.271038500746326960e-02
9.922173021445814811e-01
1.908203430388403232e-01
-6.307096418784985392e-01
-8.216511292865640304e-01
3.783758820145322055e-02
-4.716731091174783952e-01
4.897176900045320247e-01
-1.000000000000000000e+00
-3.256255151338085518e-01
-4.756110050103380948e-01
-1.003112058739119294e-01
-5.111856761053926723e-01
2.416887601884979420e-01
-1.762965943436678173e-01
-9.946479241868598775e-01
5.284476825503724856e-02
-1.142567712400754942e-02
-7.257272865558046515e-01
3.994684470307205970e-01
-8.197728056796715901e-01
-2.060372186509304981e-01
-5.171075080873319685e-01
3.206053513221394646e-01
1.136942774859749095e-02
-2.573897192485537916e-02
-3.581460514417850738e-01
-1.000000000000000000e+00
1.225791330886999431e-01
-6.700071800920794907e-01
4.359254402586334454e-01
8.338697603280884607e-01
6.161260437666993273e-01
9.680521681940098544e-01
-6.523458517588196504e-01
8.569753403784414747e-01
-6.559810024728890410e-01
-1.000000000000000000e+00
2.131895886448589295e-01
-5.054041716978230347e-01
-2.606277776144964031e-01
-2.954946229362791499e-01
-3.626027780140578249e-01
3.204465766461984666e-01
1.936879021704846493e-01
5.869632766337128382e-01
8.677634266128519958e-01
2.807468500281067314e-01
5.438505427875963694e-01
-4.625873937689808368e-01
3.966879178327670230e-01
-3.445008308880209147e-01
6.571085052257648051e-01
2.653529347855850817e-01
-5.417607011188851907e-02
-8.194156798811260689e-01
-6.780657776661436209e-01
1.751399689406734628e-01
-7.033854802733587874e-01
-2.072466000895480387e-01
3.317576498392462159e-01
4.236548383406318896e-01
-8.481967608797751357e-01
1.388357608171513213e-01
1.000000000000000000e+00
3.494586920104540417e-01
4.406002826262045424e-02
-3.782164126663475345e-01
4.381333962919018998e-01
-7.053695718986486840e-01
-1.000000000000000000e+00
1.000000000000000000e+00
-1.000000000000000000e+00
-2.406695526447361622e-01
-3.935505960581600626e-02
-4.441255323915448416e-01
2.530234957607414570e-01
-3.031301135210817677e-02
-6.585377415714983584e-01
-6.933673801123099167e-01
-1.772202221914773168e-02
-8.040775825423800427e-01
-4.834943146406191494e-01
-4.776796844829094280e-01
-9.487083238908528005e-01
-2.748619232403828883e-01
1.570668727920317143e-01
3.019492770147603755e-01
9.638154735926560690e-01
7.213096475035664090e-01
-5.189029395777839948e-01
-7.346578108594932488e-02
7.434390260530900907e-01
-2.238689834767284281e-01
-3.088089102549049225e-01
-7.396806698628528576e-01
1.647080290032495453e-01
-9.832240837718413395e-01
-4.011103630512471430e-01
-2.843851506326244838e-02
-5.722017598315430886e-01
1.428124906362746305e-01
-1.153569396516047896e-01
-1.000000000000000000e+00
-4.284106748510853602e-01
-7.321799124790009383e-01
-4.378148637685957967e-02
-6.591306194244850314e-01
-6.373727293307265285e-01
5.065139725185070496e-01
-1.000000000000000000e+00
1.000000000000000000e+00
-7.156549851238488413e-01
-3.109284911829852671e-01
-2.217177465857348428e-01
-7.621024815350402326e-02
3.282828979720145979e-01
-4.484687144457244479e-01
-4.486911368838383263e-01
-1.214402748273993304e-01
-5.613842066494190153e-01
-6.121623435393834800e-01
-1.000000000000000000e+00
-9.596137549549529355e-01
-4.841661360111532697e-01
-1.154166383488752501e-01
4.966223204058762830e-01
9.218219641941021170e-01
-2.015043088634647650e-01
1.286182621197826670e-01
-8.662028876574345837e-01
2.386100794635309108e-01
7.347886893818464937e-01
1.159500413307502920e-01
-3.457363054197846175e-01
1.402363092711017001e-01
1.000000000000000000e+00
1.000000000000000000e+00
2.696331556567535537e-02
-1.945297156115553538e-01
2.210791990328972445e-02
-3.775239691166909495e-01
-2.020954068120718594e-01
-2.973265952611647833e-01
4.232562605314405535e-01
-3.774736612446613626e-02
8.418912964950107103e-01
1.000000000000000000e+00
-3.882836163278642339e-01
1.000000000000000000e+00
-4.262908958491893469e-02
1.000000000000000000e+00
-1.000000000000000000e+00
3.531884185498668227e-02
1.976125949690543671e-02
1.000000000000000000e+00
4.733107118932219914e-01
-7.839079214633844217e-02
