GEN Mean fit Std Best Ave life
0 -3.287257 7.193581 30.629362 0.0
1 -1.982687 7.490404 13.016393 0.0
2 0.647172 9.511606 30.711733 0.0
3 4.541868 11.106207 39.29289 0.0
4 8.643133 10.045506 38.085269 0.0
5 11.862305 7.094273 30.570654 0.0
6 15.631009 7.730399 48.386872 0.0
7 16.553263 9.393584 57.36521 0.0
8 14.756606 5.843464 48.416504 0.0
9 14.414821 6.95127 48.340518 0.0
10 13.715794 2.973983 30.638708 0.0
11 13.361273 1.717799 21.969562 0.0
12 13.36108 1.718276 21.969562 0.0
13 13.359047 1.712673 21.969562 0.0
14 13.531522 2.058792 21.829516 0.0
15 13.711171 5.841361 48.462666 0.0
16 14.758686 4.953201 39.474547 0.0
17 14.752288 4.614822 30.732142 0.0
18 14.581584 4.173767 30.732142 0.0
19 14.585671 4.532413 30.68188 0.0
20 13.714051 4.940795 48.299556 0.0
