7.193580808642382252e+00
7.490404222204894324e+00
9.511606082702451559e+00
1.110620676990327915e+01
1.004550556996705346e+01
7.094273217316310109e+00
7.730399160095859479e+00
9.393584360793788335e+00
5.843464019962388178e+00
6.951269933300130432e+00
2.973983232964058310e+00
1.717799425324247453e+00
1.718275773354146052e+00
1.712672677321307679e+00
2.058792157913059917e+00
5.841361291077949325e+00
4.953200571743455960e+00
4.614821550628490421e+00
4.173767396316025113e+00
4.532413249047520409e+00
4.940795087303869515e+00
