9.577135938599131704e-01
3.439128562405034950e-01
9.972149944619392026e-02
-6.952795536183954406e-01
1.983080856562453032e-01
-5.840942900807136740e-01
-1.000000000000000000e+00
-5.703398292811326931e-01
5.880696165236994899e-01
-2.217915888670587421e-01
2.386731772929335527e-01
1.042774389071853824e-01
6.507454367623450864e-01
7.728414432804115997e-01
1.947086923225671562e-02
9.156745475928692590e-01
7.142243713904807834e-01
2.447305086168911625e-01
-3.234189398705975549e-01
-2.313873169996136236e-03
5.149718292844732703e-01
-6.843890930964450225e-01
-7.550201450334419473e-01
-6.128466488106367738e-01
2.042295134012983571e-01
1.060376898359898235e-01
1.163493480355348164e-01
-9.998569128138882212e-01
2.878875396019868749e-01
3.219589809001410785e-01
1.825136234938898594e-01
-7.111669400220820281e-01
2.354125025788225134e-01
-1.404901324254096140e-01
-5.752606902330694716e-01
1.000000000000000000e+00
-7.615799880576221703e-01
-1.000000000000000000e+00
1.000000000000000000e+00
9.593046664388080735e-01
2.016220718340805407e-02
2.039089252872020031e-02
2.663326548832549712e-01
1.000000000000000000e+00
4.405230866088594155e-02
-8.528335293413558116e-02
8.649307758510759170e-01
-1.879706932371771888e-03
2.821211897495360388e-01
-2.693937488161329830e-01
-1.000000000000000000e+00
-3.298083286150934601e-01
-5.005315458561787612e-02
-8.804124877575373320e-01
-3.519083151107636476e-01
-1.389742834417819761e-01
2.822235855291795881e-01
-7.019901623616774111e-02
5.385651846618257910e-01
-5.359972865223369132e-01
-7.180201117612374784e-01
-8.213271766425634945e-01
-7.971262202945627040e-01
6.036980138290219955e-01
-6.380682481685964191e-01
-2.501605995668060300e-02
2.886585607227713512e-01
-6.740139997600461119e-02
-4.166771950169367855e-02
1.598404189912154827e-01
-1.071182953279787853e-01
-2.822081453560186803e-01
-3.784317084254598118e-01
6.666982226307229809e-01
6.357760858312905272e-02
1.850452439406243821e-01
1.593425900524776395e-01
-7.157946121941510809e-02
4.907723451912038293e-02
7.566074905304358555e-01
1.720155414166439356e-01
-2.132749882099027605e-01
-4.353430871049601691e-02
9.339468055823161308e-01
3.218823858444084252e-01
-5.275518934254170844e-01
-9.164841334464228773e-01
-8.731293578498044994e-02
-1.778814022360131197e-01
-1.123888280113327642e-01
-2.550011370203875138e-01
-8.444998168824826568e-01
-1.443821748784659409e-01
-1.000000000000000000e+00
-2.621771680584250586e-01
-5.489459068297557476e-01
2.748389753336323293e-01
2.354058926497847593e-01
-2.634365437801495791e-01
1.238826273192990129e-01
6.621689545207676275e-01
-4.552350096068618068e-01
-3.560514996882184202e-01
-8.386865403638901761e-02
-9.193639094432628500e-01
6.260341548204262363e-01
-6.533525191811178079e-01
-8.374703943832456643e-01
-2.030118739651820547e-02
1.109686038744619463e-01
-9.128657681708839122e-02
3.613399828818459336e-01
-8.030599324875125067e-01
-2.100177414483972438e-01
-3.735373300430167021e-02
-2.872270869064997290e-01
3.719900050206931263e-01
2.830208365649633517e-02
8.117779034599819088e-01
9.223378169820191097e-01
-3.832631662039029385e-01
1.000000000000000000e+00
5.756938954337956216e-02
3.192674286088984514e-01
-4.759167482896444756e-01
6.019031703812973699e-01
1.844494244365007529e-01
1.000000000000000000e+00
5.908992635448286901e-01
-1.524595361069023269e-01
5.890792387468180014e-02
8.060295922515183786e-01
5.170036000954941757e-01
-8.554421390908562017e-01
-3.454167165873029410e-01
-4.431343931737945496e-01
5.875859031541030841e-01
3.944299871695232662e-01
3.903125512572652722e-02
1.000000000000000000e+00
-2.555406109707037410e-01
-1.000000000000000000e+00
-9.260183911786830091e-01
5.945603369250715975e-01
8.686650662960387903e-02
-1.000000000000000000e+00
6.975149986891975296e-01
3.729578615012376086e-01
5.401946668179848920e-01
-9.376764717724784814e-01
-1.000000000000000000e+00
4.079899370459219021e-01
7.361528635705144596e-02
-5.710664646998646621e-01
-1.000000000000000000e+00
6.451850432556138770e-01
-4.144830315864544423e-01
-2.144306259636395984e-01
-1.000000000000000000e+00
5.174644976408069308e-01
-1.000000000000000000e+00
-6.592581776762516110e-01
-9.033816577238610313e-01
3.916413794788467517e-01
-1.000000000000000000e+00
-4.986404725469342214e-01
1.978169183239209539e-01
-1.000000000000000000e+00
-4.256454752748974890e-01
-7.304412726968696479e-01
-9.943095965057935359e-03
-3.398854948877567117e-01
7.903931633632088616e-01
5.283858904858986794e-01
-5.898157766769646093e-01
-6.128627616168293990e-01
2.150449517979452219e-01
-7.713461007903157363e-01
1.187772968832110365e-01
1.021638338215734854e-01
2.474939253174942289e-01
5.570603479857936247e-01
-4.010231359403751972e-01
2.761965656817235715e-01
-7.074350758760397095e-01
-4.480672256098244821e-01
-3.146898141945716487e-01
2.130825958856534252e-01
-1.221355527845550404e-01
-1.000000000000000000e+00
-6.536957233590423577e-02
-2.744449843427239077e-01
3.571718817041060756e-01
-1.149014264196719370e-01
-8.637931901746109808e-01
5.934449180924954437e-01
5.597683760184233304e-01
-3.535969060734292513e-01
2.451001224080687213e-02
1.104979620809193319e-01
3.474233348799735666e-01
7.036176024570545140e-01
2.212390054574622789e-01
-7.959439270242497644e-01
-3.017716378740879432e-02
-2.460119559570217440e-01
1.000000000000000000e+00
1.970393706544107393e-02
-3.338679782232978344e-01
-1.000000000000000000e+00
-1.189886603497700701e-01
-4.814520920083100175e-01
7.749359108075193348e-01
4.464280268925759909e-01
-4.727478834404871266e-01
-3.194579415623849949e-01
-9.399000519290612310e-02
6.533492398469917806e-01
-3.408232549784501741e-01
5.991421669185841292e-01
-1.000000000000000000e+00
-3.592675417884210187e-01
3.942265770494387395e-02
2.724277027976454435e-01
2.448102525881435676e-01
1.000000000000000000e+00
-2.279387025635853936e-01
2.657115027289727038e-01
4.526606064173099853e-01
1.000000000000000000e+00
-7.847123230513809444e-01
-8.404291747747008046e-01
-6.145287043111460346e-01
1.388876817983755729e-01
4.289955502994291514e-02
-1.749576931437999416e-01
-1.386881489250890720e-02
1.441738966175289127e-01
-3.089217959308708794e-01
-3.579603239231415324e-01
-7.168417433881600909e-01
7.512871956503291981e-02
-9.610030442764158076e-01
9.435313010828697555e-01
-1.000000000000000000e+00
-3.729210935454462805e-01
-7.037771018590998073e-01
-3.399753505174607504e-01
-2.581438047272512915e-01
-9.526561299215143830e-01
-3.117776835519038836e-01
-4.976221419457571571e-01
9.863505358179641691e-02
1.000000000000000000e+00
-1.000000000000000000e+00
-1.630698544551328899e-01
6.497578023136456604e-01
-2.906821832703758712e-01
1.000000000000000000e+00
-4.899469116685945536e-01
-4.955120371917720590e-02
-6.410951084980713865e-01
-3.065604351124080473e-01
5.259882087430858277e-01
8.031228408805763941e-01
