0.000000000000000000e+00
0.000000000000000000e+00
0.000000000000000000e+00
0.000000000000000000e+00
4.400000000000000022e-01
4.400000000000000022e-01
0.000000000000000000e+00
8.000000000000000444e-01
0.000000000000000000e+00
0.000000000000000000e+00
0.000000000000000000e+00
4.000000000000000222e-01
9.599999999999999645e-01
1.199999999999999956e-01
4.000000000000000222e-01
2.160000000000000142e+00
1.600000000000000089e+00
8.000000000000000167e-02
2.240000000000000213e+00
5.600000000000000533e-01
4.000000000000000222e-01
