GEN Mean fit Std Best Ave life
0 -1.919946 8.516363 30.185869 0.0
1 2.317998 14.059317 56.773463 0.0
2 7.0931 13.820555 57.089203 0.0
3 13.224589 18.503389 65.773463 0.0
4 21.853564 19.95146 85.413791 0.44
5 23.012246 16.57787 85.413791 0.44
6 34.079428 17.22593 74.886318 0.0
7 37.191334 22.099838 85.413791 0.8
8 37.447773 17.599114 65.879703 0.0
9 46.33408 17.797838 74.77941 0.0
10 49.129597 15.00369 65.77941 0.0
11 54.33429 11.81234 85.838793 0.4
12 55.469878 11.447682 86.99141 0.96
13 56.27116 8.295814 84.438793 0.12
14 58.61921 5.891346 85.838793 0.4
15 59.527028 10.551112 87.19141 2.16
16 60.550553 8.73472 86.99141 1.6
17 60.028897 6.95376 84.238793 0.08
18 59.705245 8.426006 87.818586 2.24
19 57.732918 4.486533 86.593424 0.56
20 58.078547 4.994478 85.838793 0.4
