5.719486503108350917e+01
5.727641489804761932e+01
5.727641489804761932e+01
5.773214184093667001e+01
5.773214184093667001e+01
6.625060701409174158e+01
5.773214184093667001e+01
7.575297592783951472e+01
5.773214184093667001e+01
6.620090734553947698e+01
5.773214184093667001e+01
7.530964054567593280e+01
9.402326625757942224e+01
9.402326625757942224e+01
5.909224472101786318e+01
6.621925648420767629e+01
6.621003982910274033e+01
7.571679627126201240e+01
5.773214184093667001e+01
5.773214184093667001e+01
6.616226955283406141e+01
