-2.018143637651283462e-01
-2.980752707827567516e-01
-1.000000000000000000e+00
-2.254684621522103916e-01
3.339887808340267772e-01
-4.706849203318608788e-01
-8.246272980823410315e-01
-5.867999564240539145e-02
4.802583208343949028e-01
-3.964996993415714766e-02
-5.019232731627845667e-02
9.991608251743668845e-01
-6.770214585397211771e-01
6.456820810580672365e-01
8.032574813757887844e-01
2.208488861925786140e-01
-3.849010727582919955e-01
1.061388104931704213e-01
1.000000000000000000e+00
5.677952140579134443e-01
3.285467232376238500e-01
5.647239608808228839e-01
-2.762331761031000532e-01
-5.581111593533145676e-01
5.961986276568890242e-01
6.100297572528445844e-01
9.085870670188758158e-01
-9.361061144201535678e-01
-4.778452527603124222e-01
3.673570135365193945e-01
-1.000000000000000000e+00
-5.133094092186534230e-01
-2.055645983607176652e-01
1.344519227589650034e-01
2.965604370424120284e-01
3.730255110920621675e-03
-4.022045281152338281e-01
-3.358014636930459207e-01
4.475410953835065042e-01
-1.801578557669454572e-01
-8.743431561496805005e-01
-5.049463114251073748e-02
6.935878292592623229e-01
-8.092815607044696880e-02
-8.780082849751114082e-02
-4.986231189422998811e-02
8.379527753972326742e-03
-6.492165125964093342e-01
-5.682350831741223018e-02
-4.123628442047706510e-01
9.087980392915334660e-02
5.988842037924771988e-01
-6.661442050982419039e-02
4.889594565754840083e-01
-2.728696443789512260e-01
6.557550023125223726e-01
-5.139348390289730784e-01
-3.329147595561223749e-01
-3.135163948593858718e-01
-1.000000000000000000e+00
1.000000000000000000e+00
-3.320542006760045517e-01
-4.880447132172105462e-01
-2.687325078515366283e-01
6.842812776913967387e-03
8.070342626220516902e-01
3.943406628486903487e-01
5.204102473876417445e-01
7.166669310273212634e-01
-4.808674506802829152e-02
4.728139218540589606e-01
-4.308568873909187080e-01
-7.096190022027635269e-01
-1.000000000000000000e+00
-1.278410178065635949e-01
3.747891509261009335e-01
1.275008141439104570e-03
-1.113594031584379390e-01
-4.800667887536489431e-01
6.497299559162346139e-01
-1.941228398438222258e-01
-7.553505846363292031e-01
9.174996867001452561e-01
-1.000000000000000000e+00
4.017620034216109470e-01
-3.821511880477619361e-01
-2.687636298660072143e-01
6.154848311003887629e-01
-7.013019913039839071e-02
6.820523405588331256e-01
6.815121427006098909e-02
8.261588336812588640e-01
-4.671693852870651420e-01
-1.100926547490255203e-01
5.711826984059431567e-01
-1.000000000000000000e+00
6.750922763807768456e-01
-2.130575996096669700e-01
6.210446746552971131e-01
-3.974454626933003887e-01
-5.684738957952970573e-01
6.746786800036264076e-01
6.863506343568037682e-01
-1.330641741957967472e-01
2.724249363974663996e-01
1.000000000000000000e+00
-5.502489949555895432e-01
-4.229275747268858021e-01
-7.791060082173240087e-02
4.429011485265377246e-01
-4.376913856679122139e-01
3.891214922997487946e-02
-4.448393628354897489e-01
6.273282508146297426e-03
-3.605600133105750782e-01
4.361565855262660718e-01
-1.000000000000000000e+00
6.840468777850703397e-01
4.432998735002307011e-01
4.773647398862016500e-01
-3.405623356093983034e-01
1.000000000000000000e+00
-3.837718912866203147e-01
9.551562123769965496e-01
-9.608878444503150540e-01
8.775521823554085499e-01
9.966714961142880691e-01
1.000000000000000000e+00
-3.972691174176062878e-02
-5.439643742115338743e-01
3.788999508386604598e-01
-6.192891257546476735e-01
6.060320088414443696e-01
1.000000000000000000e+00
-4.281989206414057447e-01
3.868809096919643697e-01
-4.753584415206707492e-01
-2.406958468471549761e-02
7.017281220254117935e-01
4.155886264661676210e-02
-1.064149847088576573e-01
3.252586930750543948e-01
6.463939025382543502e-01
2.607427391663911243e-01
-3.798739220926321547e-01
-1.335831355433909629e-01
-7.436081533711041969e-01
6.280360433115271812e-01
4.171017729812879354e-03
1.629506700383137607e-02
-4.325436870159334868e-01
9.683193298101884228e-01
-3.859151881959498320e-01
-1.978546127843627822e-01
7.223398760051480405e-01
-5.595945466216392106e-01
-7.162159940841066330e-01
2.504352581385344556e-01
8.082404154795810314e-01
-2.893176232869696385e-01
1.000000000000000000e+00
-1.000000000000000000e+00
-6.306055619392828548e-01
3.236160154410038237e-01
9.915046047140205765e-01
-2.823156886883881889e-01
3.128324621788609594e-01
-4.817509326039792761e-02
-4.472370588921004142e-02
-3.494594306846183773e-01
9.714139075770438225e-01
-6.081412932662193238e-02
5.982714703853734273e-01
-3.481968180685652836e-01
-2.121616301212388422e-01
7.094550289010774780e-01
-1.000000000000000000e+00
1.000000000000000000e+00
1.000000000000000000e+00
9.553654093310576245e-03
7.170706846142121949e-01
-7.444641657716397076e-02
-9.488355150073347621e-01
-1.000000000000000000e+00
2.532752767307132058e-01
-3.193488997148122843e-01
5.181188691533916701e-01
2.314224360129404356e-01
-1.608659898854082337e-01
-2.574896259321994840e-01
-2.006574870196375648e-01
-5.377154090868943026e-01
8.912879881926670800e-01
-6.922100204214551855e-01
5.974146061089000703e-01
-1.806007002719587917e-01
-1.511591861242699286e-01
-1.000000000000000000e+00
6.030798054142583187e-01
-5.731162238212988980e-01
-5.137363202544598106e-01
2.815901389191596271e-01
6.229789441823235796e-01
-1.000000000000000000e+00
8.986355880573611010e-01
3.715131089969316014e-02
5.391412664358018469e-01
-6.522297694608487628e-01
2.942295444249590219e-01
1.919607076905772980e-01
2.312767915657167328e-01
-7.628126079528938508e-01
4.217715396976952080e-01
9.825555937484867775e-01
-1.000000000000000000e+00
-2.001002773823239433e-01
7.847832025389802624e-01
-5.067100996275114566e-01
-5.760968472102560023e-01
2.210349956653376996e-02
-3.457361414401173283e-01
-8.380309429186819647e-01
9.364229352865210965e-01
7.356210840279209240e-03
8.932352629701993951e-01
-8.940001458010828905e-01
-7.830988607189094397e-01
-1.726593008070666790e-01
-2.411817269016433285e-01
6.870365609948133612e-01
1.255905170674643800e-01
-2.563545518251283406e-01
-8.858132904810418762e-03
3.716337923908688001e-01
-4.538801298583948762e-01
4.847078584463151429e-01
4.228192127604868400e-01
8.057661412323016137e-01
1.759703267863508558e-01
-1.000000000000000000e+00
-4.432028687842547859e-02
1.299448680489693753e-01
6.070325267797700430e-01
9.019249836829492661e-01
-6.546608477134228110e-01
-2.627024181645687961e-01
-6.660825145367387234e-01
3.748609400107604239e-01
-8.082616372298198071e-01
-7.962200531348121446e-01
-4.367347314345021436e-01
-3.488442501661864759e-02
-6.586207756913889377e-03
9.885765789926519442e-01
7.397152899867691644e-01
1.435864186734863157e-01
-6.098559164012233857e-01
6.001645657026564162e-01
1.000000000000000000e+00
3.900710584579447082e-01
5.508575895545753109e-02
1.424122501817067787e-01
8.787139624107748181e-01
-1.874160826636243893e-01
3.295623110673336353e-01
