-9.604186624160678809e-01
9.903597859545202553e+00
9.597434425286524018e+00
1.156401415695064472e+01
1.642515903698135560e+01
1.899721347691765772e+01
2.033692697206289424e+01
2.580053869050167492e+01
3.184320582548452805e+01
4.323083250397026944e+01
4.264167423655970168e+01
5.034444343793072107e+01
5.348745490622355447e+01
5.473596462936231433e+01
5.580473674482978907e+01
5.435451696458137860e+01
5.612323742409844129e+01
5.617867592420208211e+01
5.665492439057416618e+01
5.724256649839507105e+01
5.739152995804734303e+01
