GEN Mean fit Std Best Ave life
0 -0.960419 12.908103 57.194865 0.0
1 9.903598 21.593202 57.276415 0.0
2 9.597434 16.974086 57.276415 0.88
3 11.564014 15.765117 57.732142 0.0
4 16.425159 16.616353 57.732142 0.0
5 18.997213 15.915992 66.250607 0.0
6 20.336927 16.074365 57.732142 1.8
7 25.800539 17.305827 75.752976 2.12
8 31.843206 17.250165 57.732142 0.0
9 43.230833 18.916967 66.200907 0.0
10 42.641674 18.482238 57.732142 0.0
11 50.344443 14.699217 75.309641 0.0
12 53.487455 14.505289 94.023266 1.8
13 54.735965 11.165493 94.023266 1.8
14 55.804737 6.956417 59.092245 0.6
15 54.354517 9.998337 66.219256 0.0
16 56.123237 7.234461 66.21004 0.0
17 56.178676 7.490091 75.716796 0.0
18 56.654924 3.701621 57.732142 0.0
19 57.242566 0.178438 57.732142 0.0
20 57.39153 1.261537 66.16227 0.0
