1.290810302194877401e+01
2.159320208355006443e+01
1.697408610897291581e+01
1.576511718458890421e+01
1.661635301366085216e+01
1.591599181354217407e+01
1.607436513508459086e+01
1.730582725646801379e+01
1.725016523821015468e+01
1.891696718815000011e+01
1.848223804483173538e+01
1.469921662685395347e+01
1.450528879517962899e+01
1.116549326163247535e+01
6.956417498666346511e+00
9.998336574709894009e+00
7.234461029839935442e+00
7.490090625136732072e+00
3.701620917329909055e+00
1.784378136752926280e-01
1.261536738139464653e+00
