6.713569846716541667e-01
6.291235853788070820e-01
9.368950244579020703e-01
-5.077543805097173291e-02
-1.333309398305107252e-01
6.142281345555350436e-01
6.248045182323868074e-01
7.276028248521678732e-01
-4.770573670619106532e-01
3.010685257112130642e-01
-8.426392421266070132e-01
8.042291434861659205e-01
8.614020101416626218e-01
6.915650453618729654e-02
2.667342634077213281e-01
3.036235784172036101e-01
2.275822181243357667e-01
3.066139885464983506e-01
3.076789644060862194e-01
9.718341558132879143e-01
-6.804341214805729177e-01
-1.956047498950003183e-01
-1.221805587292959933e-01
1.000000000000000000e+00
-4.771292938497584957e-01
1.070729541671894824e-01
5.992528647872465974e-01
3.706864944151016528e-01
3.161942390354228194e-01
-2.277029202052243129e-01
-3.546131772910118274e-01
-5.946962165452328586e-01
-3.026258382879579711e-01
-7.630691909108328064e-02
3.828120916469290869e-01
3.744840430036354695e-01
1.952401659228465147e-01
7.995270814094899148e-01
-7.074238555278089535e-01
-3.467166349564135275e-01
-8.935728443829927814e-01
-3.900824341977084941e-01
-2.345269908659144142e-01
-1.576473989726056013e-01
-1.000000000000000000e+00
5.927845257320087935e-01
-2.749783283187325900e-01
-1.972087758285225034e-01
9.849706193418668043e-01
5.791342557664058699e-02
3.362339455618060802e-01
-4.286876407357210206e-01
6.193994139715064406e-01
4.230826379486922750e-01
-5.080460979612091421e-01
-3.775264004642473470e-01
8.104035151934356751e-01
7.982607722306291897e-01
9.509156283734487847e-02
-1.501273864120654944e-01
5.668216105229868518e-01
1.000000000000000000e+00
6.826058100091867420e-01
-7.827039666718331734e-01
-5.022385207209940222e-02
-7.437412287904399122e-01
2.172786380881907009e-01
9.920162425960503683e-01
2.571394644375584737e-01
8.649793090165707188e-01
-1.510993061691972006e-01
-1.000000000000000000e+00
1.000000000000000000e+00
-1.000000000000000000e+00
-4.215780594125101421e-01
-5.196458433930822851e-02
-9.051778922153447260e-02
7.755436488599483091e-01
-5.512334383895394208e-01
6.714569729409898269e-01
-5.318175752301271819e-01
5.645053405254290002e-01
-8.499389424907877189e-02
-3.938981055442064561e-01
-1.430988362006435088e-01
1.301335027122035859e-02
-1.017640316309174342e-01
-2.861317161021336153e-01
4.387617464949338242e-01
-7.775724901637581787e-03
-5.875173592397615607e-01
-3.936742508007990970e-01
9.890412706019910960e-01
-7.418564951840622701e-01
-2.396426216071092519e-01
4.922933362045759376e-01
1.126298458899959165e-01
8.196282376824978178e-01
1.000000000000000000e+00
-1.560668242491884405e-01
8.402612445299713073e-01
-2.254884973022818762e-01
-3.098565498700157628e-01
-2.814196770824953231e-01
-7.658354370051662086e-01
-3.609441755165416765e-01
-4.597828928667835879e-01
-1.549789370583161130e-01
1.499581638189746435e-01
7.954363103559058956e-02
-4.013630301374941922e-01
1.000000000000000000e+00
1.038130286429368720e-01
-3.828381925854915657e-01
3.833501668843077304e-01
-6.842200893076246793e-01
5.075841682095003637e-01
-3.675907834095939464e-01
-7.372345768829045853e-02
4.549613959244738770e-02
-2.664785543022633041e-01
1.067869239497810652e-01
2.881725282107193142e-01
5.615748532497133461e-01
-6.840731082948148245e-01
-6.350400331796496323e-02
-5.497851413165134593e-01
5.965708073946933698e-01
-9.094137400233808233e-01
7.214338102899724436e-01
7.761839419028983000e-01
4.401666534063962688e-01
-9.145699763773725843e-01
1.712072318630046830e-01
-6.813796033057311075e-01
-2.752290441334918070e-01
9.714111374598005666e-01
3.815426033547859030e-01
-4.945204197669949009e-01
1.000000000000000000e+00
7.649183570816361355e-01
-1.000000000000000000e+00
1.111301370488520929e-01
4.523943638829989733e-01
-4.957213573405742646e-01
3.735713246401313747e-01
-9.774201414427060586e-01
-1.769003461876991756e-01
5.533464351144745663e-01
-1.118475828847362991e-01
9.652291012487719257e-01
2.966228760611382409e-01
4.975241290337045763e-02
-4.438988755576749323e-01
2.698177281444602560e-01
8.352819345341740975e-01
-5.688583330926512138e-01
-6.221383374733567839e-01
-3.236948493377892477e-01
1.638053809118378279e-02
1.000000000000000000e+00
7.345041218464741783e-01
9.968008435631478537e-02
-1.000000000000000000e+00
6.495577946361765775e-01
4.827970525991573947e-01
-9.662534574320309488e-01
8.407290385951815548e-01
6.957757072044702396e-01
2.880727929825974698e-01
2.821529962288816251e-01
-2.785512284355521340e-01
1.752732608181704066e-01
4.364823790708715623e-01
-1.408027118388344157e-01
5.694397830588115994e-01
-1.521191683750693913e-01
1.768205110892357990e-01
2.498983291979520183e-01
-7.307008302237526509e-01
-8.991619668158372658e-01
1.432639754622269113e-01
-4.420856291284722128e-01
-1.310909194766910479e-01
-4.329110163450948789e-01
8.411149066833156773e-01
8.927244476854203636e-01
-2.772023284751664596e-01
-3.339425670228345910e-01
3.989768337286431765e-01
6.812710069497055487e-01
1.827475880365081462e-03
-1.329429684020986269e-01
3.328096314218811358e-01
-1.347597004149865274e-01
5.578525093455317663e-01
9.435289666431717626e-01
8.663428768051635309e-01
-3.335189810321593229e-01
1.755200071648015947e-01
-7.501615557537179013e-01
-1.000000000000000000e+00
2.593227829433392695e-01
9.373244364352646407e-01
4.041676637434887254e-01
2.314388862797374102e-01
1.203749096051802969e-01
5.962039212680603217e-01
4.094353267569566523e-01
-2.573612451603830564e-01
-9.991777435474616942e-01
5.971768184232185625e-03
3.682793814223206397e-01
-5.730956970536582595e-02
6.873551761872115362e-01
1.000000000000000000e+00
-9.653707475402925065e-01
8.582114553290005610e-01
4.275003794983729399e-01
1.561124464903356213e-01
4.573392477943706291e-01
7.716966386144136214e-03
-4.075338837018800953e-01
8.036238676694003047e-01
9.117131133156258782e-02
-6.496385079845585775e-01
-7.012024872921165386e-01
-1.904808956526630181e-01
1.525607928766601895e-01
2.127307885760938433e-01
-6.656891845399459662e-01
7.039398884951293400e-01
6.949708540473397145e-01
8.750834024609647210e-01
5.136012682939051777e-01
9.356799855747072181e-02
-7.212737299123281876e-01
-1.006757242909028377e-01
-4.811906542856703717e-01
-3.612016040276939122e-01
-5.426578005943729632e-01
8.187411692173405253e-01
9.995651957818484368e-01
-3.107472101679549237e-01
7.401041138274451203e-01
-2.762574827989080495e-01
-7.323404783773094229e-01
-2.192015151149791508e-01
5.088562003387022692e-01
4.084796756818473984e-01
7.449849726679760309e-01
-1.345032248776211192e-01
-5.991601305130683786e-03
1.084561068995154587e-02
-1.000000000000000000e+00
-6.497602774975784756e-01
-1.389778240311391189e-01
-1.000000000000000000e+00
5.598309904935494519e-01
-7.487791997321682214e-01
-7.050554375637899662e-01
9.752842834897972324e-01
-9.927584859215455859e-01
9.511536262254802199e-02
3.241231291174329066e-01
