3.017399989261954829e+01
5.677346333071253071e+01
8.659140997390336736e+01
8.623879267830493234e+01
6.574424995824662687e+01
7.476755198344947928e+01
5.677346333071253071e+01
6.586660195700335407e+01
5.677346333071253071e+01
7.473850831567895625e+01
7.474041853593507767e+01
5.740901301948914437e+01
4.818586946817493555e+01
4.772523797875805940e+01
3.978506424239101591e+01
3.983521402607648554e+01
5.719486503108350917e+01
6.621003982910274033e+01
5.677346333071253071e+01
7.521003982910274033e+01
5.720394224923462900e+01
