3.010835578817423297e+01
3.010835578817423297e+01
3.010835578817423297e+01
3.010835578817423297e+01
3.010835578817423297e+01
4.808920335595946938e+01
4.832324619773172714e+01
3.071173296930546925e+01
3.941275134159975124e+01
4.840901301948915147e+01
3.949466846406764375e+01
5.725060701409174158e+01
5.725060701409174158e+01
5.725060701409174158e+01
5.725060701409174158e+01
5.725060701409174158e+01
5.725060701409175579e+01
5.725060701409175579e+01
5.741275134159975835e+01
5.741650369121829556e+01
4.843931836898446619e+01
