5.429128554013590985e-02
-1.018447755434787938e+00
-7.258211012002262486e-01
-7.397567113035900810e-04
5.372801155667069617e-01
-1.271686378050493893e-01
-4.797032667044044962e-01
1.751883472563052324e+00
1.059850920659301393e-01
-1.267834860764237792e+00
3.126224401402523112e-01
-5.195401342789192078e-01
3.039892024410093541e-01
-3.562314269689381696e-01
-4.974211975616406600e-01
1.449007675880697732e-01
3.832818319168256327e-01
5.156982598204747914e-01
7.025170185091971220e-01
9.881149857304089013e-01
-2.715706479984556054e+00
4.330159825711580313e-01
7.996784606800507733e-01
6.313077332370081729e-01
1.471739220907546108e-01
2.456775695085433031e-01
1.515853252162172815e+00
1.180153814610347851e+00
-5.939099933818601240e-01
1.001269408724742238e+00
-3.595296771263633562e-01
-9.734841650081389741e-02
-5.310909136252121243e+00
5.002812474781521690e-01
1.972779071707029708e+00
-2.325313924964134138e-01
-8.380021586536068323e-01
-9.912887159470326059e-01
-1.335230033251859405e+00
5.006385845561884818e-01
-9.056727225556893135e-02
4.851743499589304398e-01
9.993496433491094733e-01
1.265920065658649118e+00
-6.237455025452365298e-01
8.937496263882194203e-01
1.966621866203143582e-02
5.666174746060580192e-02
-7.227532996887979788e-01
-9.332719471010519907e-01
1.233143658021030209e+00
-3.591961427552824437e-01
-3.096874806129358837e-01
2.942186693820572629e-01
-2.082810415127548609e+00
5.075443513576415322e-01
-1.018540178272707042e+00
-6.841973888364969447e-01
-5.900015289482832270e-02
3.049317982497198098e+00
-3.571778576842466357e+00
4.288271349289504708e-02
6.959668564191210383e-01
1.520632408875774999e+00
-1.498828500060466640e+00
2.632091847302410192e-01
1.437541982268949470e+00
1.302551591826865307e+00
-2.104709335893733435e+00
-3.248645216444120964e-01
-1.869829173623231533e+00
5.859783445990001116e-01
-8.890888385894945012e-01
6.200297103174809976e-01
-5.302018116389524138e-01
-3.445786502788715122e+00
-3.666974989000925111e-01
1.014782067544933941e+00
-3.864935052771964474e-02
-4.774307322471332826e-01
6.644297434041711581e-01
8.234654403743027484e-02
-1.010392360087272845e+00
-1.071655144039866669e-01
-3.035091813131184146e+00
-1.602636748095758623e+00
1.732849500552612054e-01
-2.867214374940610933e-01
-8.729370508409285689e-02
9.666073408428785818e-01
-2.478713808698358723e-01
-1.226128138263357092e-01
6.035392740774578879e-01
1.681510547360779984e-01
-4.845019164045477611e-01
-1.987990682325057712e+00
-1.145042704862037963e+00
2.501189570312976063e-01
5.804344528605440701e-01
-2.899365151728834356e-01
-2.152151936151620593e-01
9.986156457725584024e-02
2.199770750405464215e-01
3.248365010831970046e-01
9.658852955849848154e-01
4.225016540122564224e-01
-2.490461875805116410e-01
-1.080667195924084112e+00
-4.668731518793483026e+00
-2.047939675641339830e-01
5.972979970097372915e-01
3.493466338750362832e-01
2.426685737319650982e-01
9.269180857884536939e-01
9.962480913684190753e-02
-4.557654395036573547e+00
4.880098120056188815e-01
-3.171835131017393394e-02
-8.319018827436869268e-01
-1.590091192158823219e+00
1.017320908139237590e+00
-1.050865755653814348e+00
-6.183015982585318149e+00
-1.132549826923397340e+00
3.112004494026296975e-01
1.030038781352270311e-01
-8.040852949080060097e-02
-5.810912866810217237e-01
-5.327691494820201434e-01
-1.533430558764101947e+00
6.137885601061212615e-01
-9.503360479914865211e-01
4.504057251360382708e-03
1.486407636448565106e-01
4.736280976464362635e-01
7.747962316622003520e-01
-3.441959663668959779e-01
-2.127059936346537283e-01
-6.117213135922516809e-01
-1.535983303185492366e+00
1.019769322751092888e+00
1.234343231269759311e+00
-7.645173296488730896e-01
-1.669448129839802286e-01
2.644300245194662891e-01
-3.132389245995266247e-01
-9.004604382540353225e-01
1.003182322601437804e+00
-5.378929609950149349e-01
-7.886275401303988186e-01
5.174146572881935802e-01
-5.231565601392842435e-01
1.054552656934549804e+00
-4.402854652047986928e-02
-1.484044202613864716e+00
-5.371694505232289529e-01
3.264966281057119502e-01
1.202091885289957723e-01
-5.626301466884626734e-01
-3.911525240284774441e-01
2.148370975873110100e-01
-1.063529959753051868e+00
3.477255666990875516e-01
9.229439662690580581e-02
-1.433440049502422986e-01
-4.459039469827136976e-02
-1.093097638067883848e+00
1.613815717413586218e-02
3.074198315112821045e-01
6.655558257398564992e-01
-6.934733326991959768e-01
-1.023075276770748054e+00
8.065557508975018663e-01
5.658941016749325509e-02
9.256481731869757590e-02
-9.269877553527337832e-03
1.054344805766096016e+00
-1.551113545495815149e+00
-4.328800316754300992e-01
-5.284413693430884962e-01
-1.650160691469896967e+00
-3.632700609771818967e-01
1.570865684393065065e+00
8.678987726403175618e-01
5.564761687366893694e-01
5.525392168121030512e-01
-3.261492098489601754e-01
7.774156149173625519e-01
1.766796882032498406e+00
-2.776841994269886871e-01
1.680034246351926885e-01
-1.544867667974582748e+00
-3.663233567513387579e-01
1.012015056387626455e+00
1.300560317311197478e+00
-1.183362175413106843e-01
2.156996308838570603e-04
-4.020243399439740184e-01
-6.943284110916217999e-01
1.853155094963166105e+00
-6.116485477458907249e-01
2.231067856461200205e-01
2.539438060415438736e-01
4.012963863806012776e-01
-5.508012123526258019e-01
-8.348100865420323702e-01
7.100367103585830675e-01
3.685374113667320983e-02
-3.787954683175219994e+00
-8.983896817076991725e-02
-1.100647686629016686e+00
-1.805512552058372022e-02
-1.774594295700481772e-01
1.325578728243760884e-01
-1.992961753426765181e-01
3.958297880244673883e-01
-3.223121588415216454e-01
2.780185666743992257e-02
1.000140256164546049e+00
6.662340023544690570e-01
-3.654351354246389016e-01
-2.638771817870900982e+00
1.057364673570790337e-01
8.166767773175933609e-01
2.506004409666316435e-01
-1.823012689299255973e+00
4.429364403233468916e-01
4.863209051169720132e-01
1.572425152197437725e+00
5.911958199503324352e-01
-4.431424415501348246e-01
1.447679687509878521e-01
1.170803616049051754e-01
1.786660172059376439e+00
-8.346888281376392271e-01
-5.160465218642155127e-01
-4.863976462933240485e-01
-5.086254565718296705e-01
8.211555844954644412e-01
5.512042231094662625e+00
-2.732815975913908124e-01
-5.160609504844050344e-01
-4.959863919607069849e-01
4.671007725991237897e-02
-3.476180816557125075e-01
1.250892348764665596e-01
-7.811612033645719266e-02
-5.147861109667126733e-01
-3.016984138199466092e-01
2.666555136674955695e-01
-3.130688543628847298e-01
3.001604102124496576e-01
-8.914682605850406949e-01
-3.788435583920465310e-01
4.571417365303019897e-01
-5.089481996227266380e-01
-4.170217669456132703e-01
-6.441404741877452267e-01
-7.933209574491678628e-01
1.528516454959038429e+00
1.916289801609133980e-01
-6.165219460152245867e-01
2.688217423218112745e-01
1.231440991294436016e-01
-1.007316063832054853e+00
