
GEN Mean fit Std Best Ave life
0 16.651377 22.537482 39.188859
1 39.188859 0.0 39.188859
2 39.188859 0.0 39.188859
3 39.188859 0.0 39.188859
4 39.188859 0.0 39.188859
5 39.188859 0.0 39.188859
6 39.188859 0.0 39.188859
7 39.188859 0.0 39.188859
8 39.188859 0.0 39.188859
9 39.188859 0.0 39.188859
10 39.188859 0.0 39.188859
11 39.188859 0.0 39.188859
12 39.188859 0.0 39.188859
13 39.188859 0.0 39.188859
14 39.188859 0.0 39.188859
15 39.188859 0.0 39.188859
16 39.188859 0.0 39.188859
17 39.188859 0.0 39.188859
18 39.188859 0.0 39.188859
19 39.188859 0.0 39.188859
20 39.188859 0.0 39.188859
GEN Mean fit Std Best Ave life
0 -2.83241 7.228092 30.108356
1 5.137727 12.618526 30.108356
2 4.321277 11.317684 30.108356
3 6.724666 9.359749 30.108356
4 8.771464 9.736857 30.108356
5 11.462537 11.825125 48.089203
6 16.051426 10.351908 48.323246
7 14.843996 8.377259 30.711733
8 19.426187 8.700869 39.412751
9 18.915005 9.205855 48.409013
10 19.931359 10.286673 39.494668
11 22.583821 11.564032 57.250607
12 26.527285 11.874197 57.250607
13 29.233049 15.529125 57.250607
14 33.400752 14.454485 57.250607
15 31.040253 13.364426 57.250607
16 32.11573 13.661294 57.250607
17 30.079776 12.279261 57.250607
18 30.0966 15.570852 57.412751
19 29.765862 15.271381 57.416504
20 26.127047 12.929415 48.439318