7.228092418259848273e+00
1.261852595276627476e+01
1.131768391006052532e+01
9.359749295610463093e+00
9.736856647798690645e+00
1.182512460782592889e+01
1.035190806825043452e+01
8.377258800071533784e+00
8.700869420222016259e+00
9.205855169452330955e+00
1.028667311144808494e+01
1.156403206529046379e+01
1.187419680877812667e+01
1.552912489021646358e+01
1.445448492705110155e+01
1.336442644905127075e+01
1.366129438365548943e+01
1.227926083568151050e+01
1.557085154055806342e+01
1.527138065684709467e+01
1.292941512349220723e+01
