-1.975302332246793302e-01
6.849500163136867936e-01
-1.402025826241946049e-01
-2.611539655630679135e-02
-9.625393840418778879e-01
-7.901693327399919031e-01
-1.197803719602110739e-01
-8.722129940271927673e-01
-9.469895755736752463e-01
2.338029145580879931e-01
-6.858342908651609005e-01
2.807059579971127317e-01
-4.215581596140149934e-01
-6.573830043595707551e-01
-4.237456217006150272e-01
5.475422518443067155e-01
-4.460858524829516281e-01
-9.675024672868659525e-01
6.267063309032265828e-01
2.111202142475043786e-01
6.391100703939156524e-01
-5.756734386324502406e-01
-6.467348935263128595e-01
7.456418710205923173e-01
5.745634335107643320e-01
2.654379584016348659e-01
-4.709646451828699565e-01
6.732434180173103577e-01
6.300877427132145492e-02
-3.291306949228145484e-01
2.938444540989570974e-02
-8.366475182447208336e-01
2.494343611816169926e-01
3.959769572288154293e-01
-9.767539963199303177e-01
6.698109293346736770e-01
4.141345768279927064e-01
-7.909818860691488762e-01
5.751527373693259282e-01
1.775016560312649982e-01
5.751588532813158849e-01
5.679083307862504704e-01
6.955876882100420211e-02
-8.181220666043198531e-01
-2.705606100081152654e-01
-4.420435274992806640e-03
8.585612637406252468e-01
-5.361370860858445386e-01
5.271546744226840442e-01
7.167523343892949761e-01
4.502711345735876947e-02
-8.839663988658941207e-02
-1.548214790287780751e-01
-3.717374456157316320e-01
8.655329225819183847e-01
-2.434136586091839582e-02
-5.748737565036863284e-01
9.114857319894762444e-01
-6.100698790127865312e-01
-5.912735920468459305e-02
-4.615175207687167713e-01
-8.044199980094868252e-01
-3.994246592488455150e-01
3.775176723009658897e-01
-9.284054768286655879e-01
-9.835122672234433150e-01
7.986180794842745456e-01
-3.736206105604089611e-01
5.497244679894970343e-01
5.382745098354544400e-01
-4.573826863153660494e-01
3.563172659883886428e-01
-9.953523689095777893e-01
8.852177714244315876e-01
7.039876643844578119e-01
3.274254354498087327e-01
-8.712468069453942476e-01
2.020569179395796944e-01
2.880966825657909069e-01
3.277710690321185005e-01
1.426882961319853038e-02
4.073661969791948501e-01
1.515517302875935002e-02
3.524732247198401058e-01
-3.483514676580745650e-01
-3.205746164915617147e-01
-1.418055923691461384e-01
6.414742264803474647e-01
6.556742843987568570e-01
6.471945866175996542e-01
-6.484115725825125853e-01
-7.221443629605122094e-01
-6.267441276930574290e-03
3.765616248895309326e-01
-8.090796347252044995e-01
6.014653629100210619e-01
4.627863736983939269e-02
5.747515491387642506e-01
-8.473611539678200799e-01
5.532722962199161376e-01
4.279090471482889235e-01
5.632498305310125186e-01
-6.914075718204564236e-01
-6.536235341830034518e-01
2.019274505136645637e-01
-9.690707318644176116e-01
3.437508872660328674e-01
6.731482108876691850e-01
7.392219666727197769e-01
4.568829064227151182e-01
1.654437001475697055e-01
6.616881827509368819e-02
7.568351624937714739e-01
5.516098303459417984e-01
-1.252956688939337315e-01
6.233091638917884758e-01
-4.296657312146210383e-01
9.447139977581417991e-01
4.435278477197428515e-01
1.898325384714807385e-01
8.650430653827856364e-01
2.767521520331257534e-01
-1.338763378365241952e-01
-4.226822151948852468e-01
3.694578494084641562e-01
-3.013029069889801015e-01
8.305102147791725287e-01
-6.298447315832236271e-01
-6.964692100527511975e-01
-3.992420713493298745e-01
-9.323756101075721947e-01
-4.387403149069630803e-01
6.519600845977420178e-01
3.706300419926449319e-01
-1.269622972498263280e-01
-9.205510628733233336e-01
-4.347289791171560225e-01
1.968822823271596523e-01
-2.027829671677805479e-03
8.804983053740511600e-02
-7.762487980922023745e-01
-4.211320703007648270e-01
5.262779536742323572e-01
3.994783265722825494e-01
1.800596565714551733e-01
-8.216446273249178311e-02
3.074131985161441261e-01
7.608642003830763390e-01
4.174599503191283034e-01
-1.002344970911039912e-01
-7.264471438400357250e-01
5.520911352976534126e-01
-3.286447651651358548e-02
-6.761967807472160086e-01
4.929429901877802056e-01
8.615269502560611858e-01
5.536205311725497236e-01
-3.260222875365104134e-01
6.898574696139547768e-02
-8.826762003885777474e-01
7.746291230218886881e-01
-5.533705538259976464e-01
2.262876584124953183e-01
-9.435162115194180021e-01
2.824368486273831635e-02
-9.945460777614001380e-02
6.581866416554129628e-01
5.528531737802524493e-01
5.012808482097981244e-01
-9.288908569035994045e-01
-5.586780083166937860e-01
-9.639144347082579944e-01
2.480094320806127683e-01
-8.350585174418660994e-01
6.051518268041864435e-01
9.003107673799877197e-01
-3.026591058740883966e-01
3.955910263117987657e-01
-8.913598058455955986e-01
5.101199069555677479e-01
-7.036920052101780509e-01
7.966498997686339845e-01
-4.613172033773740299e-01
2.366553914177904616e-02
6.419837128446743701e-01
1.225027925362303094e-01
5.475095497777353604e-01
-4.406849431089336910e-01
-5.249442367938965681e-01
6.181550243492890395e-01
4.164040070557852857e-01
-2.926388654928597788e-01
3.577682452721080431e-01
-8.194628492737687786e-01
2.540930292875887009e-01
6.904986511138213601e-01
2.009950325114182590e-01
-8.467923396338736808e-01
-7.346098336514246263e-01
-2.540181133485956977e-01
3.961387994875134044e-01
-7.578760709134879647e-04
-8.016202708777553365e-01
-8.145541757972529773e-01
-9.164175300942807301e-01
-3.531757177294538863e-01
-7.551370574786329115e-01
-8.448403427884294548e-01
4.208148895964998193e-01
-7.421770832603047374e-02
-9.885716060407450101e-01
-8.384032324516736967e-01
-4.233628144447403319e-01
5.916606507667143688e-01
3.853029515956984952e-02
-9.018903954855637117e-01
8.577391859345804281e-01
5.393053029046552815e-01
-1.812836517471905218e-02
-9.787387011286217131e-01
5.078191386249335526e-01
-4.647814391136060319e-01
-8.463273192610309970e-01
6.112378346021483111e-01
5.632936792980391960e-01
8.307311640082764015e-01
6.762106043271389755e-01
-1.778693293195212632e-01
9.158336562320683605e-01
-5.102964523000388386e-01
1.349457180511388632e-01
7.952312453386307656e-01
9.109009430867396340e-01
3.043397584034293057e-01
8.828638930832708454e-01
8.040030171473167009e-02
7.937951496759096948e-01
-5.014773051762968503e-01
-5.235045405668603546e-01
-8.518271275933093634e-01
-1.220403723059337864e-01
-2.135010621469017877e-01
-3.361510443287796246e-01
8.394854449942437125e-01
5.411929830485266990e-01
-4.080132202103827765e-01
1.354681469743985733e-01
-9.003443509044692927e-01
-7.630611982470563159e-01
7.921552316759814527e-01
-4.919618069267619465e-01
-6.823507862453270789e-02
3.433306148293961968e-01
1.278298749818274072e-01
-6.176803732933193736e-01
-1.468355097590074987e-01
1.723760852737492577e-01
3.924973699502833924e-01
-2.630612299487586903e-01
8.879421563490816904e-01
-4.664840014514193278e-01
7.347339472305658425e-01
8.437198000170651468e-01
-3.353026706349266917e-01
-7.955528674986929172e-01
