6.642502482563255040e-01
8.200147597542379874e-01
7.350258170845804795e-01
2.754430644690541996e-02
6.909416200669942221e-01
3.502979121797757944e-01
-5.718272393534904463e-01
3.281608973497500692e-01
-8.094137347799601478e-01
-3.966096208913791887e-01
9.773803849985851500e-02
8.362027942195078278e-01
4.320287623795642240e-01
-8.178586203323965353e-01
1.674558810166526523e-01
4.308948695981138499e-01
9.857256369455367206e-01
-7.983880445038238349e-01
8.564740337827378980e-01
-3.281095933552786725e-01
2.050298203250933149e-01
-8.565970530747419875e-01
-2.252468226970516518e-02
5.741198321896168189e-02
-5.167392092258789038e-01
-5.456440271954288157e-01
-9.726983287653863108e-01
1.872457360954242755e-01
-4.992553476434080650e-01
-5.217177598746689515e-01
9.875898231446289532e-01
7.303380282549079006e-01
5.202954841127547247e-01
5.578631155998925450e-01
-7.593568400353134518e-01
-4.278825825561973772e-01
-8.250212076641696424e-01
-6.641733623292895849e-01
6.147315751283564111e-01
-3.781688118061539150e-01
-7.041844275972108935e-01
-3.104175819842880379e-01
1.748268077913999186e-01
-1.853620349883393637e-01
7.578762617715049110e-01
9.810139561885513615e-01
-1.892288270905477798e-01
-4.265547718655591236e-01
6.593801953205440380e-01
-1.692011747217252449e-01
-3.692027998975377923e-01
-6.183723421521838404e-01
-6.468340530442273639e-02
3.514387283861364342e-01
7.822756997928059786e-01
-7.095581044108996149e-01
-4.881562342357645967e-01
-5.321844880106723075e-01
-1.138656403863169686e-02
-7.893145402850703096e-01
-6.571335160807809661e-01
8.931929662567754669e-01
-5.005795934497674349e-01
-7.360367099863542872e-01
-8.071092841999678580e-01
3.509151356936299759e-01
-9.020415243920592019e-01
-3.409927836317785399e-01
2.788210761647682556e-01
-2.351077676125277183e-01
4.467722742000912461e-03
9.007495004013841289e-01
-4.732465582474307819e-01
2.611505356453336368e-01
-7.119943662331558176e-01
9.782424537042428980e-01
1.846727681455959669e-01
-5.986936414473671420e-01
7.950283659446228945e-01
-7.860386230272660146e-01
2.057038106845925363e-01
7.098468591813635875e-01
4.253338957986232405e-01
-3.159619152677415332e-01
-4.147373498592692442e-01
3.770286607460175965e-01
-7.046448793650577080e-01
-5.422057380107017099e-01
-5.089722908712619454e-01
3.216393549533367313e-01
3.799183980207314626e-01
8.322585655263530224e-01
7.431401969820974340e-01
6.746169884478012690e-01
-4.315359754332781517e-01
4.708213978185809001e-01
-8.097455573856671140e-01
-7.893062132766905936e-01
1.999162977935959873e-01
1.372106707190294816e-01
1.273091395065526488e-01
8.081811323797007951e-01
-9.384296435541119585e-01
5.325335389462877433e-01
-9.941278269847930726e-01
4.760008998239728673e-01
9.717944892317667005e-01
-3.199315257125778800e-02
-1.778152849798249058e-01
7.246817662302789120e-01
6.692718833556416946e-01
-4.828296099239648420e-02
2.574740619413362630e-01
2.740016247221883638e-01
1.510978582100965806e-01
9.482625487638340900e-03
9.099762660680190685e-01
5.918314946963725287e-01
-6.055023841139799412e-01
7.305666558119880971e-01
7.570197924087767039e-01
8.682642448754307463e-01
-5.395579660197198368e-01
-1.882799793247591502e-02
3.984302620821396079e-01
-7.698084251722145943e-01
-9.745133524323545959e-01
3.388927227990503610e-01
2.790550443297843408e-01
1.804942757143859211e-01
3.910546324304653432e-02
3.963420644984803065e-01
1.698287910801039580e-01
4.115169210405857925e-01
1.251388366234869043e-01
-1.161062078911032636e-01
-3.786405034757911459e-01
8.368577629064690715e-01
7.140426634117003069e-02
-3.709591425598284253e-01
-1.666592273887215203e-01
-8.609308940721280834e-01
9.108118630729229448e-01
2.939915508758426110e-01
-3.401195235912943815e-01
-3.362081127517946300e-01
9.157048287032869549e-01
8.088192079562490644e-01
3.546694208273581950e-02
3.907215139255915126e-01
6.909601588239449033e-01
-3.294514602718341401e-01
-1.266516004524187444e-01
-5.259697314255935563e-01
8.150404518389176012e-02
4.947554694944760190e-01
5.829324129868245219e-01
-5.268340448047272861e-01
8.047622528571973799e-01
-2.114191550815300857e-01
1.634355923456289883e-01
-8.785777825221747772e-01
2.880312015163566386e-02
3.195923402751394971e-01
2.931770193488842935e-01
3.936450619600670997e-01
-7.930549961686659266e-01
-1.620734961408136776e-01
5.954493269630496410e-01
5.325865799935090017e-01
6.447994115327813081e-01
9.189477046465353016e-01
7.704717465823869293e-01
-2.870474473892792311e-02
6.975424009958282046e-01
2.693108765007470318e-01
-5.145004304999483136e-01
-4.645574067201816426e-01
5.537628754300649714e-01
-5.588731276947678239e-01
-2.982568736136403942e-01
7.766903630365284972e-01
9.544257229561845524e-01
-6.993495483979099703e-01
2.953728665268369191e-01
8.633562209094984841e-01
-8.613604984723055580e-01
9.769062451710366357e-01
3.139986640265592932e-01
-7.278077848384354454e-01
4.247082227697422940e-01
-3.120248955979931793e-01
-4.264116961441308806e-01
1.148124466997724191e-01
-2.932878657634665487e-01
5.588714725708392450e-01
-4.614226876352600648e-02
-3.458533150869897987e-01
3.674790854209784019e-01
-8.739419092890794438e-01
3.676081536121533766e-02
-4.137734872899565541e-01
-4.832944155178295897e-01
-4.812943048809534830e-01
-4.481112706393379774e-01
-9.809853909067758337e-01
2.928884800241300379e-01
-7.235910296148622134e-01
-4.948083247174586141e-01
-6.173971971047307328e-01
-4.069186313529735699e-01
4.087165057005006652e-01
-9.652506140512473465e-01
3.666485683467486378e-01
1.644179927824771514e-01
4.254482018746363892e-02
-1.111112555049740269e-01
-1.860848555264498216e-01
7.066599866729008639e-01
5.344869689906091015e-01
3.259518437234065757e-02
4.939555848461214538e-01
-5.141120948348647524e-01
7.685566718456666724e-01
6.540103531020478034e-01
1.624312649817487575e-01
-2.293586102986611142e-01
5.385999314493874479e-01
-1.614953443523796661e-01
-9.020651233699727989e-02
-1.940314963039708740e-01
7.861293555962169943e-01
1.582267633944751672e-01
6.482449481206473685e-01
4.080572600024023888e-01
-8.221541087563390970e-01
5.365237272313965189e-01
1.967984944838656602e-01
9.042999241867522020e-01
-3.205827776752581126e-01
-2.854721562374749055e-01
5.793848273949595562e-01
-8.801898522834228356e-01
-7.928684648885542252e-01
-7.072357370534703147e-01
1.238293159320602577e-02
-3.305048340013865271e-01
-9.428957756527145406e-02
7.666238749835940780e-02
-2.187290511789774516e-01
-6.091517675215081251e-01
-9.226215522777949651e-01
6.713579113895156159e-01
5.063271829449920158e-01
1.456998124687580720e-02
-6.633087312308088013e-01
9.353036247959725102e-01
-5.462311077463801734e-01
5.863019534083824258e-01
-6.686039618307502153e-01
-1.027374881830918074e-01
2.813314606247852012e-01
5.287990847988717213e-01
4.366679515647973187e-01
4.291523721831287386e-01
