9.177237888630936880e+01
9.253109579777975569e+01
9.258272016318507269e+01
9.249405452609941847e+01
9.177237888630936880e+01
9.352700044143625746e+01
9.252700044143625746e+01
9.304704041507837076e+01
9.253109579777975569e+01
9.258272016318507269e+01
9.292700044143626315e+01
9.253109579777975569e+01
9.292700044143626315e+01
9.292700044143626315e+01
9.312700044143625178e+01
9.252700044143625746e+01
9.252700044143625746e+01
9.252700044143625746e+01
9.253703951986405229e+01
9.312700044143625178e+01
9.277065437104556622e+01
