-5.335197466708652136e-01
-7.371486911600820813e-01
-5.676906019344110099e-01
2.452519650348998770e-01
6.790507557781424453e-01
-1.753535107779609914e-01
4.937409802068981612e-01
2.351952404840526034e-01
6.715438040339571923e-02
-3.658214514932774941e-01
3.498749393897457871e-01
8.020517593859524119e-01
-5.804667308707793794e-01
6.498023320970125472e-01
-3.067317529312842961e-01
1.498607345374043387e-01
-1.179403173259229720e-01
5.878074187764876779e-01
2.554533771490872796e-01
-1.110771327364160066e-01
2.678715110839187119e-01
-1.000000000000000000e+00
-8.123169794610048955e-01
-2.903078624556290066e-01
-1.000000000000000000e+00
-8.732037846875706499e-03
2.713567471312285928e-01
-5.753579917804998445e-01
1.000000000000000000e+00
3.842748146517220298e-01
5.241472427772719822e-01
4.100669822470255355e-01
7.978194257417309254e-01
-6.522294062060308983e-02
8.459212263447394298e-01
4.812659661812908607e-01
-4.730957798759204969e-01
1.310981809645396234e-01
2.540582887319362548e-01
-2.744743136056138066e-01
3.497531793895916064e-01
5.387961569519394978e-01
1.000000000000000000e+00
2.713143946166634568e-01
-1.184954790913536476e-01
6.445378365182296010e-01
6.580672541126481034e-01
3.206445946124854562e-01
5.769659182092973237e-01
3.724031617867086252e-01
8.888016161568818019e-02
3.385432920326040263e-01
-9.549741817312354386e-02
2.043571627742552799e-01
4.177966906764860600e-01
5.161596567737715135e-01
2.988382170602245091e-01
1.988093815674720211e-01
-2.740037389254107447e-01
-7.871443944499552092e-01
7.536981075553739196e-01
-3.152063196205778794e-02
6.350902265851219308e-01
2.132648487774146395e-01
5.539181609720924548e-01
-5.971424518210073362e-01
-4.125996416453153737e-01
5.839602763223603055e-02
1.000000000000000000e+00
-1.190022060872930609e-03
5.997006154939754641e-01
-2.442688089944723417e-01
-5.402390322994010674e-02
8.683789552571878900e-01
-7.174117954178067524e-01
-4.853911209907546542e-02
-2.986225105381719591e-01
-2.116670084872973312e-01
-6.549863981435296578e-01
5.101217799241388740e-01
-4.118795789057893009e-01
1.000000000000000000e+00
2.038578233679452234e-01
5.953021871730526104e-01
3.644587440922427146e-01
1.791942459125567266e-01
4.291388299875942280e-01
-2.096822812024087268e-01
4.385790628063351293e-01
1.044143960918182401e-01
-4.351968455435649696e-01
-4.178616888639087867e-01
6.001322386231503492e-01
-9.185131938607400404e-01
5.004305551848386990e-01
-1.000000000000000000e+00
-7.946039185713971165e-01
5.335024201533833388e-02
-2.421579917699902273e-01
4.349365237147742036e-01
8.973797420398713642e-01
8.737164950751503678e-01
-1.964045755123334791e-01
1.583912617368212761e-01
-9.631799454387879322e-01
-3.848745713176511263e-01
-9.626825486815592248e-01
6.824423095737028877e-01
3.527739548191461405e-01
-2.113674853467711889e-01
4.090840885833059160e-01
4.154570816383412746e-01
-4.741848765915661623e-01
-3.307225305970420970e-01
4.497141725804222334e-01
1.000000000000000000e+00
-6.023749532822358921e-02
7.498710883424020146e-03
-2.674827008503355974e-01
9.484969002391093751e-01
5.027352096358526090e-01
-1.464398993470202304e-01
5.873504873559002304e-01
-1.000000000000000000e+00
-3.440819107416059897e-01
-7.613511787549195331e-01
-9.289578374649392067e-01
5.158751582336776331e-02
-2.522685225844332746e-01
-1.492948537900604666e-01
6.780356177130582029e-01
-6.611300569065566013e-03
-1.810901747270068640e-01
6.777718234501410866e-01
6.756871814030370738e-01
7.629828841459040945e-02
-4.520095156600827946e-01
1.000000000000000000e+00
-4.547220012504449294e-01
-3.181897893535734489e-02
-9.116983077905090882e-01
-1.117841395655317371e-01
3.674867445527837395e-01
-1.734954167288963733e-01
4.355899572335061865e-01
-3.408801552798601531e-01
-5.180309774936318057e-01
3.515401771346305382e-01
-1.215678683509888308e-01
-1.605097604959258573e-01
1.289106934097900559e-01
1.000000000000000000e+00
1.151996008895055656e-01
-4.879530537512241084e-01
-4.177605549277116914e-01
-8.631219751332245282e-01
6.177111754650294051e-02
-4.335517849834442661e-01
8.311633394402465069e-02
-6.305857726110564165e-01
6.682461007901896455e-01
3.145035157753217625e-01
3.136728010263482025e-01
2.185576693119484215e-01
-7.049218227697080508e-01
7.174766812691663054e-02
6.741815143765989005e-01
-3.787352822711282929e-01
5.518102510362088431e-01
3.329189334390690314e-01
-3.671704977995125518e-01
4.268756992352102930e-01
4.423404290129673289e-01
1.000000000000000000e+00
4.347774139832270013e-01
-8.384118519180252527e-01
-4.181713887111132566e-01
-8.913305005794155411e-01
-5.454237143550413336e-01
1.696878890892587477e-01
-2.796477591696375775e-01
3.923525304946187120e-01
-3.763319137191310504e-01
4.455426003533095036e-01
1.061196545687376480e-01
-6.181119766004659066e-01
7.125513822776849970e-01
4.252621071693899468e-01
-7.494489241715347472e-01
3.971050782858475542e-02
3.354894909423947746e-01
2.488223505109442568e-01
-5.840683373837889381e-01
4.013547974136301710e-01
3.601669204332412777e-01
-1.938954148629989938e-02
-1.770948289467018932e-01
1.547512414464763397e-01
-7.994360470033533561e-01
-7.353588050961185063e-01
-8.249569999267047926e-02
2.601618220025758710e-02
-6.719591852561873635e-01
-9.520415143153250215e-01
-5.980240389376774157e-01
6.858558885412858741e-01
-5.056106458234983780e-02
9.165162364150958307e-01
4.531573553653434616e-01
2.097055909095034698e-01
-4.479447717639866156e-01
1.034328961405591163e-01
5.721829421924657932e-01
2.944906332169068275e-01
3.160016205636068110e-01
-1.325362320134670924e-02
1.109763430555668062e-01
-5.090237964692417849e-01
-1.179404104097038497e-01
-1.494461358736198231e-01
-6.324763018002454995e-01
4.317927948157993523e-01
6.998958608409395765e-01
5.227037171161609264e-01
-1.128993334282343275e-01
-5.263913963136166441e-01
-9.879179043492298806e-01
-4.461550358757309098e-01
-1.585042452870153440e-01
-1.574607826830766166e-01
4.388340009041691858e-01
3.712406307998000754e-01
4.120600665515667949e-01
-2.583911343631750124e-01
6.503698139620871510e-01
-3.475887951415782551e-01
2.961679762414797246e-01
7.163772050470673669e-01
7.643218632754967823e-01
2.137577998503453758e-01
-1.000000000000000000e+00
5.322664449892763328e-01
-3.345307177578491498e-01
1.139838325860501600e-01
2.098538887456206370e-01
1.020741402138081177e-01
-4.075578020695134751e-01
5.448369967950909831e-02
8.938208582342765940e-01
-7.308590761395210578e-01
-5.478788555307250174e-01
-5.515507365884808610e-01
4.378376812875393598e-01
6.133750534143744826e-01
-6.310620412997161033e-01
-2.190722430891375583e-01
3.240253410129206868e-03
8.936449898967896432e-02
3.276253008086393859e-01
-2.965645780983379720e-01
-1.213653844279929950e-01
-4.985512713870070556e-01
1.000000000000000000e+00
5.352597220338791567e-02
7.417641712226658024e-01
