4.320000000000000284e+00
6.919999999999999929e+00
1.148000000000000043e+01
1.196000000000000085e+01
1.108000000000000007e+01
2.512000000000000099e+01
3.352000000000000313e+01
2.900000000000000000e+01
3.611999999999999744e+01
4.115999999999999659e+01
4.852000000000000313e+01
5.292000000000000171e+01
5.667999999999999972e+01
6.600000000000000000e+01
7.192000000000000171e+01
7.179999999999999716e+01
7.007999999999999829e+01
7.304000000000000625e+01
7.440000000000000568e+01
7.315999999999999659e+01
7.328000000000000114e+01
