GEN Mean fit Std Best Ave life
0 13.257152 32.668508 91.772379 4.32
1 26.679172 35.507988 92.531096 6.92
2 30.218529 40.169465 92.58272 11.48
3 40.316341 35.224381 92.494055 11.96
4 50.269465 34.510744 91.772379 11.08
5 65.270987 31.686245 93.527 25.12
6 76.95189 23.647961 92.527 33.52
7 72.291225 25.049889 93.04704 29.0
8 80.111046 18.07873 92.531096 36.12
9 84.368166 15.34318 92.58272 41.16
10 88.079097 8.525742 92.927 48.52
11 87.547482 12.039531 92.531096 52.92
12 87.163518 13.828858 92.927 56.68
13 90.952894 2.82899 92.927 66.0
14 91.48508 2.509837 93.127 71.92
15 91.621009 1.244849 92.527 71.8
16 91.468589 1.240657 92.527 70.08
17 91.704824 0.88507 92.527 73.04
18 91.835021 0.171412 92.53704 74.4
19 91.727622 0.902689 93.127 73.16
20 91.735322 0.644778 92.770654 73.28
