3.266850822888685002e+01
3.550798774654099788e+01
4.016946549176073944e+01
3.522438083726767388e+01
3.451074448359674562e+01
3.168624489628221497e+01
2.364796091224150487e+01
2.504988885997962100e+01
1.807872971981959154e+01
1.534317991839203188e+01
8.525741685911743417e+00
1.203953076036578906e+01
1.382885751639898686e+01
2.828989687140446740e+00
2.509837196558487360e+00
1.244849111591870283e+00
1.240657195774623744e+00
8.850698190383214925e-01
1.714124424929856505e-01
9.026890752622011016e-01
6.447779224018337363e-01
