-1.221096140178044243e+00
-7.591199892899318513e-01
-2.649415641428698454e-01
8.792387076717076422e-01
-3.872965611111669482e-01
-6.204710943908359200e-01
-3.503451425577180367e-01
1.354275407411987819e-01
5.153915805825828311e-01
-4.178859586039767038e-01
6.478970590601779156e-01
2.203727841844345479e-03
-8.109061982218230824e-01
-9.073122634392183361e-01
3.260149470788286097e-01
1.627543741666166721e-02
1.597329252514905207e-01
-1.538080009059188402e+00
7.894897422094222073e+00
1.098617806582766088e+00
5.643090367946136388e-01
1.203602824056646758e+00
7.706646254778745653e-02
-1.285092797154994138e-01
2.227677264462507856e-01
-9.603743443595288976e-02
6.858706777548551070e-01
-2.276138843080146024e-01
1.748501569053121651e-01
-7.647022106904849403e-01
-1.302567091152513623e-04
7.500620545914935544e-01
-3.601479004174950593e-01
-8.485810837721279032e-02
-1.420970210755833074e-01
-7.290484600843387675e-01
8.455175329459472255e-01
-2.124643655844921444e-02
6.882328190004232127e-01
3.869168643759935966e-01
-2.528726943886350220e-01
-9.497301776584405886e-01
-1.758276487794954712e-01
-1.611182049062359067e-01
-6.665111764624013224e-01
6.870433440450895990e-01
-1.566520938772766880e-01
2.660630257517780373e-01
-2.442977086690241162e-01
2.690908778344754948e-01
6.297789463740334492e-02
3.232101395635828683e-02
6.173250198090401986e-01
1.785336871986175356e-01
1.396510741855162108e+00
-1.004715466799565027e+00
-4.195437505640392528e-01
-1.250341867617426328e-01
-1.266784410822901163e+00
2.465073685864474229e-01
6.979487607192985665e-02
-3.228389428712108433e-02
5.415356081107692426e-02
5.950035021720720962e-01
-7.528009009811671426e-01
-2.505136587655017455e-01
7.969165096805315152e-01
3.399694776170686383e-01
-5.647549121147777962e-01
1.797870565491050399e-01
-5.406102500557282697e-01
3.170874330558552945e-01
2.829856914743648311e+00
-4.334917843292458439e-01
-3.770782949015927255e-01
-5.722451967018188368e-01
-1.018639438880146075e+00
-1.674183694767907571e-01
-1.662851480469293430e-02
-2.965845221440844282e-01
-7.429629611550314650e-01
4.676465674857041011e-01
-2.754608342613841798e-01
5.736273190408150979e-01
-3.506992936712798326e-01
-1.153169172073368332e-01
-8.811521620566434843e-01
-2.867824044371838910e-01
3.142759341542004647e-01
-5.800631897101280465e-01
8.265566866831737247e-01
-1.916215527915353656e-01
8.750065747890998225e-01
-5.030612277296774293e-01
-7.156542161710189864e-01
-7.087540334388611196e-01
8.999750955869030289e-01
-9.990451076158901600e-01
-5.993736592222542736e-01
-1.191876861554601819e+00
9.526203838684265124e-01
7.512016451004553952e-01
3.153473504970402685e-01
9.576775661483072355e-01
-3.296980541840706103e-01
-4.521667704664175114e-01
1.177870622341288920e+00
6.326999144939656761e-01
-5.034709623700929226e-01
5.533109186147901898e-02
6.867359423493788473e-01
3.706549724631056919e-01
4.928589974535824147e-01
6.229159461111106744e-01
-3.287074377187667595e-01
-8.739275481030446269e-01
2.277921284581367334e-01
-9.015968465879513616e-01
-5.566612663596599564e-01
9.789370985821752580e-01
-2.281150753489657665e-02
3.132475910678038100e-01
1.238919658895221820e+00
-2.858666467948843548e-02
5.013389451511419681e-01
-6.172617099337420754e-01
5.728818090660833251e-01
-1.070825410908856190e+00
-5.553833491164664737e-01
-2.991281080116811042e-01
-1.807889219395522606e-01
-8.320971331798530102e-01
-3.217057438546521153e-01
1.507648036611601405e+00
-3.376288598918180117e-01
8.006786884713481545e-01
-6.023572586299352771e-01
-4.313774547518004487e-01
4.935580843080030755e-01
-7.654321142993839033e-02
-1.067389006625445169e-01
5.387234793332371097e-02
-9.159752202701920698e-01
3.436230359964698167e-01
7.338453737361028129e-02
1.608201799834103884e-01
-1.119451294055135770e+00
1.104244979442545738e+00
5.969274862508258117e-01
-9.056365406886089930e-01
1.116629099135632297e-01
6.280730813875532448e-01
-3.669784634799175271e-01
1.579298621240114109e+00
-4.881997280266597294e-01
-6.762638442750635859e-01
4.605442002313118177e-01
-4.526619257332736290e-01
1.478718559965376544e-01
1.012088703943671286e-01
-3.341605789840617624e-01
-2.256644593656973008e+00
-1.655594869254934931e-01
-4.426264817164804466e-01
-4.855924473680048314e-01
5.404626947837682938e-01
2.637875247232644993e-01
-9.321749660462932408e-01
-3.488745614977032394e-01
7.061153023927096983e-01
5.330720883951737266e-01
-3.169181920977761635e-01
-2.747335335741046269e-01
-3.995556949399181601e-02
5.169670348277768390e-01
-1.013267571282770868e-01
4.716687720526386851e-01
1.782531076043828711e-01
3.589275304636311281e-01
-2.472533016790027238e-01
-9.612276714201144490e-01
6.747101432885547201e-01
-6.359273051708869140e-02
5.769373780022808429e-01
3.627605760654651346e-01
9.635935511187687652e-01
1.738528616305381691e+00
-3.829951259912014461e-01
3.798105011087059002e-01
1.404537416406833605e-01
-1.046862184113014349e+00
3.891363755848998296e-01
3.770950832891701854e-01
2.086290665979992076e-01
4.133897459152362508e-01
-9.964061683517078105e-02
-5.251850755885872912e-01
-6.872811280588673188e-01
-1.395949349331100375e-01
-4.685089368546990762e-01
2.896338574089338258e-02
-1.999626767730369459e-01
2.801272503907539235e-01
-5.449394218523897493e-01
-5.708070099458459890e-01
-1.809734709134048103e+00
1.147749821466354181e+00
-4.250084153690398825e-01
1.031091385673162275e+00
-7.205412046821184635e-01
-4.911263125591665557e-01
6.884837943289634499e-02
-6.550068151924108850e-01
4.742419588062277147e-01
1.253258784289077221e+00
-4.041000991109294782e-01
-1.167378272109357518e+00
-7.236832626765754561e-01
-1.146809604336815003e+00
5.555293845581389389e-01
-3.864124357713941693e-01
-3.254320496329873857e-01
1.239703666287120365e+00
8.781222113540197716e-02
1.001747414997125274e+00
-4.102818321551999770e-01
-3.427127074895301995e-01
-1.286119849573204021e+00
-1.057322733753796595e-01
-6.335191656009161454e-01
-7.363447716462571124e-01
2.089008407409821189e+00
-6.029563708721267234e-01
9.559239336363157813e-01
-1.817204420186307345e+00
1.499730065537740575e+00
-3.400079974944310024e-01
5.944159607511962928e-01
7.934040387663302552e-01
-3.996786182238319940e-01
3.081123573610570210e-01
-1.380297140110378906e-01
-3.778102256710308415e-01
-3.927727950854054129e-02
1.245327908173863740e+00
-1.433039579731949830e-03
-9.819227097846254804e-01
-9.892443279626119690e-01
8.259388767258262209e-01
-7.086857720528616511e-01
3.634948205910405461e-01
4.602377174768342294e-01
3.466523221060803239e-01
-6.063166451547917779e-01
-7.790160352213126860e-01
5.652476248790008206e-01
1.095557630799889770e+00
6.867169446395114951e-01
-5.017364523186562675e-01
2.717070453607015157e+00
2.178875825617294371e-01
-6.810495439401704765e-01
1.079443047881254725e-01
3.407119149506396383e+00
-8.061486316439799849e-01
