3.043547959267731073e+01
2.181261419415924863e+01
3.955326262833369810e+01
3.965289246928253419e+01
3.968679402095821729e+01
3.955326262833369810e+01
3.955326262833369810e+01
5.727968822339259702e+01
3.990624979919323323e+01
3.952353644806849786e+01
4.837959913428285574e+01
4.837959913428285574e+01
5.722855887686998955e+01
3.967212383121041341e+01
4.836878821817862928e+01
4.864814186652392891e+01
5.729288973525112283e+01
8.460322890233345561e+01
5.734400818918015119e+01
5.731302464366018512e+01
8.697616819497440588e+01
