
GEN Mean fit Std Best Ave life
0 -2.718742 7.765915 30.43548
1 2.729756 9.52195 21.812614
2 12.652025 10.909345 39.553263
3 11.787113 12.49038 39.652892
4 17.137091 12.26797 39.686794
5 14.819469 10.927777 39.553263
6 14.149455 10.085994 39.553263
7 14.568107 8.854082 57.279688
8 17.058079 8.549201 39.90625
9 16.132283 7.215268 39.523536
10 15.996174 8.599857 48.379599
11 18.854762 12.220617 48.379599
12 17.788598 11.135982 57.228559
13 19.765437 10.435742 39.672124
14 19.170899 9.726294 48.368788
15 23.100063 10.779505 48.648142
16 25.484907 12.735437 57.29289
17 31.607989 15.713106 84.603229
18 27.441938 13.102483 57.344008
19 30.97803 11.538703 57.313025
20 44.184667 18.948048 86.976168