7.765914530856633746e+00
9.521950146069986687e+00
1.090934480057666711e+01
1.249037968533419729e+01
1.226796972142819442e+01
1.092777678500273097e+01
1.008599389798456336e+01
8.854082222660561996e+00
8.549201316409337892e+00
7.215267579796195818e+00
8.599856841715510569e+00
1.222061732796652400e+01
1.113598175527033618e+01
1.043574190531786883e+01
9.726293573660608871e+00
1.077950528740528036e+01
1.273543715427752865e+01
1.571310588276195475e+01
1.310248332044008279e+01
1.153870282042013429e+01
1.894804836348349752e+01
