3.094375419465169230e+01
5.677346333071253071e+01
4.781791509328336787e+01
5.677346333071253071e+01
5.677346333071253071e+01
6.573660173740837820e+01
5.677346333071253071e+01
6.578539190157781036e+01
7.477742373192863568e+01
7.477346333071253071e+01
8.701173587691741318e+01
8.699140997390337304e+01
8.499342407327507942e+01
8.701173587691741318e+01
8.766660195700335123e+01
8.763879267830492381e+01
8.701173587691741318e+01
8.701173587691741318e+01
8.719342407327508226e+01
8.699140997390337304e+01
8.679342407327507658e+01
