-1.759897204444623164e-01
2.486030703920502627e-01
4.119760401156698504e-01
-3.110814506972367499e-01
9.964095175417668759e-01
1.841993878538973270e-02
2.451313923120642946e-01
-3.914478516570916722e-01
-8.691084305541418864e-02
3.014313100321858729e-01
6.032457024622409625e-01
-2.773339570490883643e-01
5.520814986804770674e-01
-3.471875421571616882e-01
3.923438492803499322e-01
6.743230844627099430e-01
7.429610971615271398e-01
6.681669337178806067e-01
-4.981578142414762045e-01
-7.426916268072544236e-01
8.507307356037002721e-01
7.520829496259103797e-01
-2.827900442826971061e-01
-5.925519812055292102e-01
-4.015388977013280014e-01
3.720455285881192897e-01
3.707232324008215563e-01
8.114946863106348163e-01
1.026293968992389172e-01
5.234106074365144634e-01
-1.037801928474989394e-01
-8.941418913064672624e-01
-3.608867731113761246e-01
-3.309048742448666980e-02
1.508834955359741881e-01
-9.645366421121570610e-02
1.917817968010886998e-01
1.000000000000000000e+00
-1.000000000000000000e+00
-4.468636835519790296e-01
1.342353983113513116e-01
-3.017676694148311300e-01
-3.330140787156370408e-01
-9.305271902528213790e-01
1.000000000000000000e+00
5.297188884472929793e-01
-2.317062337016227158e-01
-3.095883093926201091e-01
-9.600207361057907507e-01
3.854344898576703149e-02
3.573672080154047248e-01
-7.240124861228275366e-02
-1.948278889046561879e-01
-2.157087568183574111e-01
1.010208616518025876e-01
-6.196450646775400473e-02
-2.372357281692466513e-01
4.843328489211978227e-01
-3.117590593973383895e-01
-6.878446678128455338e-02
1.000000000000000000e+00
8.939020302519780706e-03
-2.763822785703408114e-01
-2.162862277774372233e-01
-4.795784662815091859e-01
-4.614109480550059317e-01
-4.799347594564942199e-01
6.140168125200808902e-01
1.226491709702655919e-01
1.384414065514621116e-02
-9.351838529828953028e-01
-3.184377339845845256e-01
-6.319358437217271751e-01
-2.950252894973224294e-01
3.994963196893941970e-01
1.158315678482218641e-01
8.366227344198481353e-01
3.828626343161055101e-01
-4.134540376800228123e-01
-3.687795095265289924e-01
-1.229354212539109786e-01
3.624052719595676209e-01
1.023216331432980630e-01
5.946010885377718269e-01
3.848327577627914109e-01
4.050397037270087042e-02
6.072956201371980667e-01
7.976100444622408192e-02
1.000000000000000000e+00
-7.988909624632649642e-01
1.752840216008857976e-01
-1.439156884926007796e-01
2.517073909308531476e-01
8.091650710348919917e-01
-5.573546065468442112e-01
4.854551527151831913e-02
-3.532407799667024451e-01
-5.461698760138867792e-01
3.596148902274237669e-01
-4.354728293434440012e-01
1.027664628543215608e-01
-8.860185125140056517e-01
-9.626701855746933045e-03
-2.316384716050283732e-01
3.908519073374112640e-01
-8.115867388406667882e-01
-8.092344160700906119e-01
2.344624073990685953e-01
-6.743674263334148433e-02
-3.665007415806255109e-01
-9.968714298938272655e-01
3.521108597283697517e-01
2.131749992590568632e-01
9.407533795293810952e-01
-3.774726867877578607e-01
-3.778947475601815431e-02
7.129587479096628488e-01
-6.761570537995550412e-01
-1.082049033283610795e-01
3.015341105267768107e-01
-4.590364719151390771e-03
5.407032108474426613e-01
-4.696163913603783602e-01
-9.790664270442885897e-01
7.262053713504638963e-02
-1.110883223762886979e-01
-4.864005919727645288e-01
-8.000439692901991640e-01
6.222761562285566983e-01
3.740249019787568185e-01
-8.002091726125718507e-01
-6.124906295821808122e-02
-7.964939741258303396e-01
-3.440934707769477408e-01
3.004449303817824379e-01
-9.694625886150585181e-01
8.307551281267189225e-02
7.853134675814368859e-02
-6.228934746986546367e-01
2.398053656032053116e-01
-8.264153738764397072e-01
-1.758463899950805653e-01
3.361207685183617566e-01
-1.365004550269456329e-01
-2.967886776016002148e-01
-2.222290446360710714e-01
2.320218028906453345e-01
3.592473974090364397e-01
-1.215891924157042059e-01
-1.328650213953850301e-01
3.031873093266890806e-01
6.756492656954760090e-01
-4.044411081692604881e-01
-2.853222090307047099e-01
8.800962479453937615e-01
2.736278366218245495e-01
5.861934165832364263e-01
5.659255483224613359e-01
-1.467280588627548066e-01
3.281694021194084820e-01
-2.615027005131664861e-02
-5.962631110119259725e-01
5.987641062918407364e-01
-1.000000000000000000e+00
8.792081835894236530e-01
1.000000000000000000e+00
4.005749650543499185e-01
8.555231601925814555e-01
-5.176318136259931979e-01
-3.043768989281446513e-02
8.687675849081559765e-01
-1.954725481139039933e-01
3.998504623816221959e-01
-2.532554474021667668e-01
1.313669703030209968e-01
-7.591168121715494155e-02
-5.107458941449488643e-01
-3.109249778499302286e-01
-1.409333371890875153e-02
-9.828780334860480750e-01
-8.207597640767432257e-01
-1.082623102451133468e-01
-1.156636946396935456e-01
1.978533049168174074e-01
-1.970571234713115460e-01
4.912969266512740574e-01
-5.589124536313592184e-01
7.501323807551013578e-01
2.260323616263906210e-01
-9.965465535400062080e-01
-7.157494056766153800e-01
-7.169556109051613557e-01
-1.578826196934339787e-01
-1.191129366741543461e-01
-1.342449134699239544e-01
8.107908918186463865e-01
4.838835420306741852e-01
7.670474916203584570e-01
6.461852549251727584e-01
2.943653697950789350e-01
1.963500782419334567e-01
-1.000000000000000000e+00
4.128851699939177777e-01
1.000000000000000000e+00
-8.748728744240744648e-01
1.376201522078475958e-01
-5.247882556884349292e-02
5.894292901724390576e-01
3.494972969321018530e-01
4.735496401952735135e-01
-5.895453360491875738e-01
-1.000000000000000000e+00
9.412985267046872773e-01
9.007320557276351503e-01
-4.153975763682912770e-01
-5.020176804321760944e-01
3.935334397543577278e-01
-4.647234695475079835e-01
1.470600460558552092e-01
2.006777191463613996e-01
-8.350296982164818749e-01
-1.061534169622318502e-01
1.000000000000000000e+00
3.090038243117210759e-01
-7.478316935161650747e-01
-7.327089380432696419e-01
-7.616101038033981085e-01
9.962727382305134327e-01
-5.634592027066376296e-01
7.265418127815323479e-02
2.083719666820141314e-01
-8.348417584445443351e-01
2.854086275265809158e-01
3.058910204754408113e-01
-4.539597755143305879e-01
-2.991097206369239259e-01
-4.300500622716459942e-01
-7.937677840625252390e-01
8.727348027590049739e-02
3.816259671573496437e-02
7.143327163713875105e-02
4.801465185261554192e-01
-9.396688203704945952e-01
1.728253631257808398e-01
-6.678301521728703394e-01
-4.596686831943673224e-01
-2.900898883254717786e-01
-3.403582959403450015e-01
-6.790418369864894554e-01
-1.433289248537176763e-01
1.000000000000000000e+00
-6.273791570154928499e-01
1.029354649911422559e-01
9.917582605684497343e-01
3.046610679760289875e-01
-5.652483799797061170e-01
7.318770530501594873e-02
3.224342280104543490e-01
6.979913984467629451e-01
4.406395078486978756e-01
3.054074692659397017e-01
9.851642422728439374e-01
6.437680743972331587e-01
1.471877763753103585e-01
-6.820798904899495474e-01
