0.000000000000000000e+00
0.000000000000000000e+00
0.000000000000000000e+00
0.000000000000000000e+00
0.000000000000000000e+00
0.000000000000000000e+00
0.000000000000000000e+00
0.000000000000000000e+00
0.000000000000000000e+00
0.000000000000000000e+00
1.280000000000000027e+00
1.120000000000000107e+00
2.399999999999999911e-01
6.400000000000000133e-01
1.280000000000000027e+00
1.120000000000000107e+00
1.439999999999999947e+00
2.279999999999999805e+00
2.640000000000000124e+00
2.399999999999999911e+00
8.800000000000000044e-01
