GEN Mean fit Std Best Ave life
0 -2.251763 8.857559 30.943754 0.0
1 5.393483 15.443471 56.773463 0.0
2 9.347943 13.914209 47.817915 0.0
3 9.821625 12.199148 56.773463 0.0
4 15.622328 15.227578 56.773463 0.0
5 17.320658 14.063755 65.736602 0.0
6 18.113124 10.145184 56.773463 0.0
7 24.403885 12.39027 65.785392 0.0
8 29.228779 13.974616 74.777424 0.0
9 32.50097 15.569811 74.773463 0.0
10 37.555707 16.076813 87.011736 1.28
11 43.168837 17.713766 86.99141 1.12
12 40.0118 15.388406 84.993424 0.24
13 38.326722 17.182803 87.011736 0.64
14 36.432423 18.382829 87.666602 1.28
15 42.348057 17.644349 87.638793 1.12
16 46.869926 19.033816 87.011736 1.44
17 58.133285 14.033418 87.011736 2.28
18 62.992207 14.319594 87.193424 2.64
19 61.883241 9.475511 86.99141 2.4
20 59.571524 8.162875 86.793424 0.88
