8.857558610847979352e+00
1.544347052093776540e+01
1.391420852300375621e+01
1.219914764694113885e+01
1.522757783707879220e+01
1.406375451170709567e+01
1.014518435654689377e+01
1.239027030040199939e+01
1.397461608354448792e+01
1.556981075485758126e+01
1.607681272128900929e+01
1.771376552185408570e+01
1.538840615262551559e+01
1.718280341068691541e+01
1.838282928731347710e+01
1.764434864217057708e+01
1.903381556274704778e+01
1.403341801482285511e+01
1.431959386545818802e+01
9.475511035317635944e+00
8.162875150861909290e+00
