8.005968767825206722e-01
-7.617783032353953043e-02
-4.429189008707301589e-01
1.387552888366997417e-01
-1.000000000000000000e+00
-3.372809367406243708e-01
-5.235224495936301459e-01
8.351620841367650705e-01
-3.587686433385175455e-01
-9.383376676509846970e-01
2.653460630252612029e-01
-1.000000000000000000e+00
-3.088035731027410913e-01
1.421772325626567968e-01
-4.837190276588782534e-01
1.310586796344436478e-01
-4.526054407996069062e-01
-2.259340394539208763e-01
-4.668246896882612962e-01
-1.234575084018521007e-01
1.000000000000000000e+00
8.290625220550923435e-01
6.527448720948341165e-01
-8.396001784042954608e-01
5.678724798871996882e-01
-2.348538392596566937e-01
-7.487190292623005505e-02
4.690103965747824954e-01
7.249628578122749856e-01
4.888759614739227599e-01
-6.635075538547072771e-01
8.787059643950254628e-01
9.613394687604672750e-01
-6.158713336712887676e-01
1.000000000000000000e+00
-5.636091351015835027e-01
2.142450911722943718e-01
-2.964195284183064882e-01
6.809638949081299186e-01
2.457655910982884939e-01
2.921675435478389149e-01
-6.648917890450440904e-01
9.964055557226347837e-01
-5.750195013594857629e-01
-2.782619524993856230e-01
-1.000000000000000000e+00
4.986850454380873376e-01
-3.919249297393239684e-01
-2.765856251875309368e-03
-6.445844412773776844e-02
9.156651666902221320e-01
-6.881764187522700915e-01
9.853845356556342194e-01
1.090585330264626229e-01
-8.117034590982312725e-01
-1.400128713095527555e-01
6.629898810221185323e-01
8.791474077535375020e-01
2.751519414568180388e-01
8.650370358207077892e-01
2.843005050651621346e-01
-2.431270870656190575e-01
-9.800213867468438034e-01
-3.633796108669669622e-01
5.756832755355560938e-01
1.135828681069235291e-01
-2.250015369654569941e-01
6.383410298926460724e-01
-4.083987820708322447e-01
-6.417577992695946421e-01
5.374940359843026760e-01
8.778939107311655166e-01
-5.074481234036049004e-02
-1.343007627098200540e-01
2.766780765600168612e-01
-4.108224485924674707e-01
-1.632607102777782759e-01
-4.477279545685071138e-01
-6.972493721969339475e-01
-1.256511987452931245e-01
-6.449983566359263065e-01
-5.287138211873620985e-01
-6.729732432886421645e-01
-3.297467460939147443e-01
2.458333883712953902e-02
-7.464669422328544801e-01
9.914641515644937453e-01
3.737336561918491729e-01
-4.545531487461267339e-01
2.618138115499748508e-01
-5.096249928387250883e-01
-3.274873470655665364e-01
-8.617779790444635157e-02
-7.782412837753648338e-01
-4.067488569980028390e-01
-8.093460534084697677e-01
2.979302091436047961e-01
4.439497323329527623e-01
-7.558157681604942280e-01
-1.060776355621225742e-01
-2.236979944589847502e-01
3.012084825077568362e-01
-1.262335105515776101e-01
3.825017421206001189e-01
-9.519249955025677057e-01
-5.064551564352334223e-01
-3.869902651691100037e-01
1.000000000000000000e+00
-8.287876975502880272e-01
-1.144883132917357133e-01
5.460329331730733315e-01
-5.791571848826143620e-01
-1.110647242792421885e-01
-7.752522434186448486e-01
7.096310782009913609e-01
-5.521722474791835866e-01
3.116404089657910936e-01
-6.129002296745691414e-01
-5.152090181805305535e-01
-5.336527953712169037e-01
9.885546511353126009e-01
-2.374181127408781788e-01
2.548187321996462362e-01
-5.712927008815666952e-01
1.000000000000000000e+00
-2.018862309698110646e-01
-2.529435265426849266e-02
2.265750235976157489e-01
-3.686303492342787314e-01
3.784438168395467539e-01
5.539591500682787828e-01
4.630968437707306817e-01
6.531382972893062799e-01
-4.975618373277355677e-01
-7.109404212803914769e-01
-5.151320995251966739e-01
9.593600628572611644e-01
1.000000000000000000e+00
9.930197825170972159e-02
-2.666175661190427482e-01
-4.210188517750933501e-01
1.000000000000000000e+00
1.829026031302216637e-02
-5.741123425638050559e-01
-4.870904744971774614e-01
1.450088332791964196e-01
-1.000000000000000000e+00
1.321322831882777715e-01
5.654726700629466585e-01
2.065099627260199577e-01
-2.985726065639544569e-01
-8.082264737679101252e-02
4.970968827271724511e-01
-3.642400873942166495e-01
3.222761103827462836e-01
-1.000000000000000000e+00
6.132771673210833663e-02
3.551143635012368738e-01
-2.886788499422979770e-01
3.162089964257550623e-01
1.880857410401272078e-01
3.623393787949935607e-01
-5.205750787787963851e-01
9.171645226700094744e-01
-4.135265591928105611e-01
-2.404482944446918041e-02
4.072016070671427013e-01
-2.879338397128889948e-01
8.357002381033092897e-01
-1.921259601729790045e-01
6.936557929874049844e-01
4.005462321337925347e-01
7.676021833115309612e-02
-1.984988694214068761e-01
-3.289822364865237908e-02
2.521962618873706541e-01
9.306867518096266778e-01
1.000000000000000000e+00
6.059366062623234850e-01
-7.986541865270475604e-01
-6.081391316053541551e-01
1.217246890802933801e-01
5.122098199295739285e-01
7.983441574052505540e-01
-2.941304313338289345e-01
-3.194976796553994358e-01
5.109482031578080896e-01
1.609707550205817239e-01
-1.000000000000000000e+00
-4.721509917410469104e-01
4.561117515804236078e-01
2.983824853660057563e-01
-3.258318330094441828e-01
-2.192176493785506219e-01
2.698930684898719345e-01
-1.000000000000000000e+00
-3.100304509390365837e-01
3.284809976908374674e-02
-8.445853921003148024e-01
-5.518031625573468490e-01
-5.040755261950059518e-01
-4.861156446788112984e-01
-3.646060543910949470e-01
3.104816620981506459e-01
6.531677867866123588e-01
-7.398154148499637150e-01
1.829686470608665738e-01
-2.259390857465153335e-01
2.484134167435902985e-01
8.943705540305482149e-01
-3.262431176604420058e-01
-4.601412096956787878e-01
2.633508760953676697e-01
6.365359239117336365e-01
8.937981422908576334e-01
-1.000000000000000000e+00
-6.690652337666410654e-01
4.504816617689513247e-01
1.000000000000000000e+00
4.127764972368055257e-02
2.357083046124121006e-01
2.250197719722926148e-01
8.102946230264578276e-01
6.025368113468907438e-01
6.952309646724372239e-02
4.552294673198822861e-01
6.240071158655844386e-01
-6.096038486445019000e-01
5.221397301085202169e-01
6.368643220122565118e-01
-5.422219462354223030e-01
6.878501415791666851e-01
7.514151508575401817e-01
2.992494524409815004e-01
-1.578494912737715694e-02
-5.930861831625900971e-01
3.540408466517492858e-01
-1.756906932702572699e-01
6.892709485305291706e-01
-6.916495603769062805e-02
-2.574576290721246608e-01
7.015481317740475120e-01
-7.005260726528611537e-01
-5.904121849870519467e-01
7.030128837007776355e-01
-7.886999354495107806e-01
3.768697027582097459e-01
-8.827095793416563918e-01
6.242494631952451023e-01
5.167049271563903812e-01
-5.376197265554907290e-01
1.400505193261323278e-01
4.151077582742849215e-01
1.169365954085649362e-02
5.305982982149773930e-01
-5.128187092049336648e-01
-8.673531430123959662e-01
-3.083836839894130710e-01
-3.705283203897639654e-01
5.859295561111088624e-01
-5.949962608562766597e-01
-3.786980296708858384e-01
-1.727667810554817662e-01
1.000000000000000000e+00
2.869558105492529543e-01
