9.177237888630936880e+01
9.177237888630936880e+01
9.249405452609941847e+01
9.292700044143626315e+01
9.193193985886487951e+01
9.372700044143624609e+01
9.292700044143626315e+01
9.250013357217579824e+01
9.258936470590373347e+01
9.253703951986405229e+01
9.237237888630936311e+01
9.249061166337202167e+01
9.255657488308074221e+01
9.300150296873417233e+01
9.252700044143625746e+01
9.219599331292320699e+01
9.253703951986405229e+01
9.292700044143626315e+01
9.253703951986405229e+01
9.253703951986405229e+01
9.360150296873416664e+01
