2.680000000000000160e+00
8.119999999999999218e+00
1.548000000000000043e+01
1.540000000000000036e+01
1.719999999999999929e+01
2.223999999999999844e+01
2.900000000000000000e+01
3.028000000000000114e+01
3.703999999999999915e+01
3.915999999999999659e+01
3.915999999999999659e+01
4.196000000000000085e+01
4.928000000000000114e+01
5.284000000000000341e+01
4.907999999999999829e+01
5.847999999999999687e+01
6.548000000000000398e+01
6.831999999999999318e+01
7.159999999999999432e+01
7.307999999999999829e+01
7.528000000000000114e+01
