GEN Mean fit Std Best Ave life
0 5.719105 25.163245 91.772379 2.68
1 25.257856 38.275759 91.772379 8.12
2 44.609982 40.588853 92.494055 15.48
3 50.56701 40.236616 92.927 15.4
4 66.162197 30.573902 91.93194 17.2
5 71.144714 28.713729 93.727 22.24
6 80.398752 21.447992 92.927 29.0
7 85.178196 14.310774 92.500134 30.28
8 86.007807 12.560551 92.589365 37.04
9 86.389591 10.24389 92.53704 39.16
10 84.382418 16.967061 92.372379 39.16
11 86.971079 8.974369 92.490612 41.96
12 89.556113 2.291603 92.556575 49.28
13 89.845872 2.349576 93.001503 52.84
14 88.056553 9.153056 92.527 49.08
15 89.821278 4.362008 92.195993 58.48
16 89.90216 8.758632 92.53704 65.48
17 90.899375 3.82206 92.927 68.32
18 90.663251 7.376347 92.53704 71.6
19 91.700523 0.882818 92.53704 73.08
20 91.906841 0.335383 93.601503 75.28
