2.516324542776753859e+01
3.827575928013726525e+01
4.058885297035939033e+01
4.023661581873662385e+01
3.057390198949549998e+01
2.871372852723224156e+01
2.144799153795587898e+01
1.431077371656060571e+01
1.256055137462712423e+01
1.024389042833051455e+01
1.696706074095394712e+01
8.974369235902830866e+00
2.291603416261250192e+00
2.349575695586821222e+00
9.153056433390664992e+00
4.362008445289703218e+00
8.758632327559377373e+00
3.822060496333735902e+00
7.376347229475721079e+00
8.828181121193026115e-01
3.353827954558919466e-01
