2.183518123865709759e-01
4.448969082668299824e-01
-2.545371552518550518e-01
-5.002654828965157341e-01
3.029144697119540153e-01
5.879574439828362253e-01
-2.852327512103400298e-01
1.000000000000000000e+00
1.854468741023012068e-01
-2.744063039985308872e-02
1.000000000000000000e+00
2.155398633830919175e-01
8.226779885670109094e-01
4.349666428906159843e-01
-6.081239565407450254e-01
-5.807203246556067455e-01
9.912288280600323187e-02
5.862262213279706424e-01
3.955572219159242398e-02
1.523094220070336513e-01
1.976082667948930727e-01
-9.629022974189456185e-01
-1.965976618950667221e-01
-2.060292654282953051e-01
1.685524430286030884e-01
-7.142291102107054535e-01
4.153764682677577591e-01
1.000000000000000000e+00
1.000000000000000000e+00
5.234245722506734033e-01
-8.675683315601979695e-01
1.548316980882922522e-01
9.355131267397009953e-03
-6.360750473830614204e-01
8.114119916282318545e-01
-3.044391475770293343e-01
1.000000000000000000e+00
-1.921417457854356359e-01
8.839617215095429970e-02
6.236031324237181206e-01
1.505722784915708434e-01
5.179237636756256480e-01
-1.089508556143879703e-01
-4.477894102542360200e-01
8.765085798583073518e-02
9.058852468365126143e-01
-2.907838345170837835e-01
-1.000000000000000000e+00
-2.182746746002816596e-01
2.846637687411572304e-01
3.272472309095793563e-01
3.085395016548378444e-01
-5.397262078060802715e-01
-5.784120677418815859e-01
8.534408383548874877e-02
1.147249185259264781e-01
-1.000000000000000000e+00
7.823559845339737862e-02
5.785707341857596608e-01
2.789083725740911790e-01
-6.870757602184474067e-02
-1.925231190066234443e-01
-2.525453224967801891e-01
-4.112744201752118745e-01
-4.557227855649048642e-02
-9.346245886094656230e-01
4.047811065392625807e-01
-4.804345152718301204e-01
8.266274398954887026e-03
-1.244599155275172286e-02
5.464354523605456926e-01
3.542847216348790074e-01
-7.532451712148526823e-01
-4.573618299504472740e-01
-1.000000000000000000e+00
3.644831343558335712e-02
-2.311964749553307441e-01
-2.410210805274265455e-02
3.903934299892041215e-01
-1.907651891942578615e-01
-1.000000000000000000e+00
5.754034698075602972e-01
-3.886432441933986848e-01
5.437594374113763340e-01
-4.416664795390281562e-01
9.960781659443226355e-01
-6.935234429444876447e-01
9.616874934358995985e-02
1.000000000000000000e+00
9.351874987230486269e-01
-6.715648768919387640e-04
-4.861681299839968329e-01
-8.065218563386929163e-02
2.130548407274737016e-02
-6.015704493481806026e-01
6.042748430045312702e-01
-3.936596182267199096e-01
7.387761434622279744e-01
1.733148457405386811e-01
-5.642208242928569151e-01
4.454423951072285504e-01
6.479849109154738329e-01
-3.359533627834435654e-01
2.762642915429722179e-01
-1.001081747007317030e-01
-2.915420631628792281e-01
4.960210436964083147e-01
-1.057880101517042204e-01
2.245586615653396567e-01
-8.372937553623027718e-02
7.480767185360090443e-02
-4.156613488141972512e-01
1.000000000000000000e+00
-1.425456447188711284e-01
-4.103097346601910500e-01
-7.207473481778231550e-02
-2.811175096568208076e-02
4.287399595667822361e-01
-8.105948915924838794e-01
2.031388207199092411e-01
-7.973511751624963173e-01
-9.406114667721546807e-01
-5.637884669429086282e-01
1.985825919929347927e-01
-4.865988428727466286e-02
5.937163072753851578e-01
4.874087722471499573e-01
5.756503515252039405e-01
5.085837643623919435e-01
7.582303541221693255e-01
-1.146670682106604722e-01
4.807799356515898292e-01
3.440395665095847266e-01
-3.176711775443535335e-01
-9.925633352676412058e-03
-3.112148043656173257e-01
1.000000000000000000e+00
-2.116237254815085123e-01
1.290933557024038225e-01
-1.698442319058755812e-01
-8.253113637374414058e-01
4.570451384589682142e-01
4.967814698422584607e-01
-2.692673197687206477e-02
-1.440081390417700391e-01
8.397679883433109005e-01
-7.124597510273723566e-01
-2.330631027591671955e-01
6.981597064094241523e-02
4.491932767423118533e-01
3.716471277666201223e-01
6.451263615484630343e-01
-4.723560558228834805e-01
3.441649150885617292e-01
-4.719519580646824863e-01
9.872823319130408226e-01
-2.431863631767899880e-01
-4.908866016956115463e-01
2.179717576329205930e-01
-3.460780517088665187e-01
-4.871305435306416687e-01
5.748633873842216024e-01
-7.350942112323026745e-01
-1.000000000000000000e+00
2.158520273058596450e-02
1.000000000000000000e+00
1.424787910343701669e-01
6.038526992480611755e-01
4.134521465705662258e-02
7.184443279847929631e-02
-1.230256111490457549e-02
6.625202578005816578e-01
4.877754998023396960e-01
-3.142712703681012076e-01
4.356481849174940191e-01
-8.256697701212836749e-02
-2.795079637406484574e-01
-1.456874105246845907e-01
-6.787970687844911977e-01
1.785741222054381683e-01
2.341586054800482430e-01
5.957804170843097324e-01
-8.203764709369767427e-01
-1.000000000000000000e+00
-2.096581649089556132e-01
-4.007878629256011460e-01
3.839864851701549897e-01
-3.197872492567623848e-01
1.401014401441487700e-01
4.432924636146082786e-01
-1.000000000000000000e+00
-1.708193537413245089e-01
2.047712953793257018e-01
-6.092443715722867942e-02
3.155154605980399762e-01
-2.671896325627917124e-01
-6.283066115797515394e-01
-1.000000000000000000e+00
3.139646818753450974e-01
4.301007675987432721e-01
-7.481663905337213594e-01
1.000000000000000000e+00
5.302902964985146683e-01
-3.221804906654669454e-01
5.351038586062384361e-01
-4.685354520641156206e-01
6.625837289028438937e-01
5.158153069445088335e-01
5.305145485718194553e-01
-1.000000000000000000e+00
-3.793789124812513291e-01
-5.582760817689729205e-01
-2.325474592848986721e-01
1.443775890121080652e-01
-1.000000000000000000e+00
-3.590173872157829127e-01
3.134242214417462535e-01
3.438759975321047935e-01
-5.351036044609550624e-01
-5.709410005036024138e-01
-4.715015536435034904e-01
1.781314179939057496e-01
1.000000000000000000e+00
5.669242119469014574e-01
-5.356255315293020347e-01
-4.763164348678611271e-02
-5.279456768222035024e-02
-5.936588149165931139e-01
-7.384553667461905002e-01
-2.650725114213268174e-01
4.439160307315992426e-01
2.153729000316726427e-01
2.380259131524699867e-01
5.808427852243800427e-01
-2.726504076943613297e-01
-6.724384362695076112e-01
1.365419953238950490e-01
4.137784344500319289e-01
3.510663073585927330e-01
-2.301022925180379874e-01
4.050443532857520568e-01
-5.631458292586373204e-01
7.135783366333194877e-01
2.138737686794526249e-01
-5.765352022598545512e-01
-2.635229438542957547e-01
-9.381694004359372729e-02
-4.773787042024494331e-01
1.000000000000000000e+00
1.510427351505157501e-01
7.249649052225515256e-02
-2.152678482977983254e-01
-1.895133542139248173e-01
-7.917516396326380601e-01
-2.071857981560210060e-01
-7.978910075124081569e-01
-8.707323380497622445e-01
8.289530732664834867e-01
-1.000000000000000000e+00
-4.463830436870951379e-01
-1.157458115182307123e-01
-3.277842987713996958e-01
4.967074515621663355e-01
1.743336152857752341e-01
7.298330669524777381e-02
