5.677346333071253071e+01
5.745873645484157066e+01
5.677346333071253071e+01
7.474424995824662687e+01
8.641173587691740465e+01
6.586660195700335407e+01
7.478339389891513633e+01
7.478339389891513633e+01
8.659140997390336736e+01
7.478339389891513633e+01
8.578939992297534900e+01
8.374233241211736356e+01
8.701173587691741318e+01
8.525367074233110998e+01
8.418939992297535468e+01
6.574424995824662687e+01
6.574617118842452612e+01
7.485581436587435178e+01
6.585153170408234757e+01
6.585153170408234757e+01
6.577346333071253071e+01
