0.000000000000000000e+00
0.000000000000000000e+00
0.000000000000000000e+00
0.000000000000000000e+00
5.200000000000000178e-01
0.000000000000000000e+00
0.000000000000000000e+00
0.000000000000000000e+00
5.600000000000000533e-01
0.000000000000000000e+00
5.999999999999999778e-01
0.000000000000000000e+00
1.199999999999999956e+00
5.600000000000000533e-01
8.000000000000000167e-02
0.000000000000000000e+00
0.000000000000000000e+00
0.000000000000000000e+00
0.000000000000000000e+00
0.000000000000000000e+00
0.000000000000000000e+00
