-1.547110469034526314e+00
1.814214586057387057e+00
9.782849362653411873e+00
2.146629640324062294e+01
2.780405849927976902e+01
4.060675385104255497e+01
4.278536584130458209e+01
4.843532053079119493e+01
5.057206129266997152e+01
5.555650648416823856e+01
5.803703459218993288e+01
5.844075915294158818e+01
5.695784892056651927e+01
5.802852732164212313e+01
5.731431115076556893e+01
5.785409943296055957e+01
5.697685144357875942e+01
5.740627159959345249e+01
5.713256861771782269e+01
5.805929952651413117e+01
5.749518551091680507e+01
-1.048415833152497978e+00
6.264510542911970958e+00
1.453606534321085952e+01
1.485016770663713004e+01
2.174434351318976155e+01
2.301699096695677937e+01
2.653866008462484771e+01
3.131703002939382330e+01
2.732997851591892413e+01
2.628625027146527415e+01
2.627682034281480838e+01
3.200256232232813147e+01
2.605052751920418785e+01
3.018296637244251102e+01
3.382501048019352652e+01
4.039354508832172286e+01
4.717216429662475718e+01
4.427864598398210205e+01
4.174059718798594076e+01
5.114820791257274379e+01
5.340355367142965548e+01
-2.251763209736334481e+00
5.393483229095790144e+00
9.347942967245243651e+00
9.821624633380039882e+00
1.562232825910044731e+01
1.732065785724167029e+01
1.811312433155602264e+01
2.440388540799563089e+01
2.922877891405843087e+01
3.250096964707135783e+01
3.755570652873806381e+01
4.316883692050994625e+01
4.001180001865458991e+01
3.832672190693110537e+01
3.643242327984479800e+01
4.234805686314874862e+01
4.686992625771063103e+01
5.813328502125477826e+01
6.299220702397364136e+01
6.188324089701547592e+01
5.957152392877077318e+01
3.928934614882206855e+00
1.168933003614062649e+01
1.131755308736615184e+01
2.055226959887395921e+01
2.502518465090000532e+01
2.905715092752829776e+01
3.144715635102816265e+01
3.820859412074005235e+01
4.105786199180099771e+01
4.719146103008502280e+01
5.438101301355884232e+01
5.266866809395816773e+01
5.816602491689165788e+01
5.953184612863306313e+01
5.822123892534390421e+01
5.695307767462725934e+01
5.695311609923082585e+01
5.749523006721400975e+01
5.731417702103524192e+01
5.731395995370290564e+01
5.784033277099046444e+01
