GEN Mean fit Std Best Ave life
0 3.928935 16.027075 56.773463 0.0
1 11.68933 17.338344 57.458736 0.0
2 11.317553 17.011656 56.773463 0.0
3 20.55227 16.533111 74.74425 0.0
4 25.025185 22.456152 86.411736 0.52
5 29.057151 17.898644 65.866602 0.0
6 31.447156 17.876609 74.783394 0.0
7 38.208594 18.190957 74.783394 0.0
8 41.057862 18.378814 86.59141 0.56
9 47.191461 16.212306 74.783394 0.0
10 54.381013 12.732138 85.7894 0.6
11 52.668668 13.40628 83.742332 0.0
12 58.166025 8.976309 87.011736 1.2
13 59.531846 7.232756 85.253671 0.56
14 58.221239 5.243084 84.1894 0.08
15 56.953078 1.255883 65.74425 0.0
16 56.953116 1.256151 65.746171 0.0
17 57.49523 3.534918 74.855814 0.0
18 57.314177 2.140077 65.851532 0.0
19 57.31396 2.139484 65.851532 0.0
20 57.840333 2.889146 65.773463 0.0
