1.602707481929011735e+01
1.733834379425901062e+01
1.701165629107503463e+01
1.653311087457690931e+01
2.245615240707306626e+01
1.789864361980826502e+01
1.787660925749973373e+01
1.819095732026597645e+01
1.837881447399173851e+01
1.621230589609691819e+01
1.273213764005202364e+01
1.340628009943418597e+01
8.976308999962045121e+00
7.232756115636245653e+00
5.243084468532353881e+00
1.255882524011966428e+00
1.256151496072166029e+00
3.534917707731829672e+00
2.140076625496120322e+00
2.139483868692841906e+00
2.889145831970073797e+00
