-3.943063943724020026e-01
7.418941006004822203e-01
9.490955784053403121e-01
2.110255414602795476e-01
2.693557118967819797e-01
3.060549867697627269e-01
4.494402220166914264e-01
-4.609535961343667609e-01
5.371185264793416625e-01
-3.256861275173159043e-01
-5.740194400249059026e-01
3.631389483084666581e-01
-2.946367956019992906e-01
1.000000000000000000e+00
-3.677208005301260130e-01
-9.618420642724264669e-01
3.760051161876031278e-01
1.448122901809167917e-01
5.466091587666126184e-02
-3.634704009083082887e-01
-3.016791351058539794e-01
2.856992093822436907e-01
-8.687286822256562457e-01
-8.539460861106009659e-01
6.186810356778583708e-01
8.583892085362626601e-02
-1.937026534447149617e-01
-1.385366885562439032e-01
-1.502974637851361983e-01
8.364176769584233950e-01
-1.000000000000000000e+00
-7.151464952412547871e-02
-2.190802162386270568e-01
-1.000000000000000000e+00
1.000000000000000000e+00
2.479535489625416533e-01
-2.040052966446633254e-01
-3.780596375378753038e-01
-5.461581362778280546e-01
5.621463964201345309e-01
-5.335512665837233159e-01
-3.035793473959988442e-02
-9.049522592809287058e-01
-5.914299458862247727e-01
-6.627041449390608241e-02
7.772660214944846491e-01
-1.000000000000000000e+00
2.618901461387760365e-01
6.028199024904862258e-01
-1.101409788774713461e-01
3.618870688935080238e-01
1.413649382601678273e-02
-6.843623300458054892e-01
-2.820521164813093451e-01
-9.405362463786766103e-01
2.196513550255096980e-01
1.000000000000000000e+00
-6.910601450395412737e-01
-2.583428178389167718e-01
-5.526148549763347795e-01
-4.138526121468365515e-01
1.650554311665060059e-01
5.695125040696187302e-01
1.880247745721874697e-03
-8.864054396049889650e-01
-2.088178257507012359e-01
4.383436082949975776e-01
-9.118666385892228166e-02
2.045607769358686046e-01
-2.774470438610668888e-01
5.149765996044897154e-01
-9.996540158676010535e-01
-8.483578479348735657e-02
-6.128087139621152257e-01
-2.989107926860047337e-01
6.045189309003135003e-01
1.809449021710220484e-01
6.078343838088949569e-02
4.001082597100068527e-01
-3.268833818328522045e-01
-5.795213817472164575e-01
1.832241229883954103e-01
4.522226687296743153e-01
5.384492019823906572e-01
-7.489188019586776601e-01
4.247918755375152400e-01
1.000000000000000000e+00
-6.532174770457467305e-01
7.258261095834861454e-02
6.642305071021037399e-01
5.761301717458610083e-01
6.184924933933690916e-01
3.968232628713148080e-01
3.271113023704106948e-01
8.725264858423553704e-01
1.000000000000000000e+00
3.603762473301234115e-01
2.742464655456167133e-01
-1.000000000000000000e+00
-1.881800692029276245e-01
5.788763965862715050e-02
-6.394043826219751869e-01
-5.609706110165317838e-01
-5.905215479865044692e-02
2.272163817500284788e-01
-6.447974601979478138e-02
6.020343387941545776e-01
-3.231983880819386812e-01
6.282455871446688267e-01
5.332193112177031624e-01
-5.160099616422451074e-01
-1.192277041120537451e-01
-6.627380213945089915e-01
-5.194854587270647528e-01
-5.551393282302323762e-01
6.878441801497326979e-01
-1.000000000000000000e+00
1.000000000000000000e+00
-9.459924808851374323e-01
-9.658873488945723951e-02
5.903862048112291649e-01
-1.000000000000000000e+00
3.710417211878668242e-01
-1.792038695703245810e-01
-2.512543720647062440e-01
-5.328115209050926504e-01
1.722672898922772977e-01
1.109452395877630337e-02
-9.045803784542079118e-01
9.185657551817075772e-01
9.146488313556300209e-01
-1.334598328364471898e-01
-4.320005963000344562e-01
-4.331109189929257530e-01
1.061133476533215880e-02
-7.119077689540191933e-01
-2.054772930347892046e-01
-4.484024626642172384e-01
-5.409911815429498949e-01
6.663420284143675154e-01
8.313944610883126085e-01
2.386978121578762213e-01
6.574342060900155715e-01
-2.690878052201863824e-01
9.784432680287015183e-01
1.062355057099140243e-02
-1.784789372372952154e-01
6.181281638175155635e-01
1.084737315460734264e-01
1.540532549350701608e-01
-2.137203899731519308e-01
1.751735775845521537e-01
-2.772724461644133775e-01
-2.549697264943843744e-01
-1.690707931383790830e-01
5.250660979431547304e-01
-3.170414155089754660e-01
-3.015007466704099914e-01
7.940002647482634623e-01
5.250982119652041202e-01
-8.079714850546659832e-01
-6.306296934267505705e-01
-3.048500496856962685e-04
-2.244058937546195287e-01
1.465573092214831341e-01
-4.671623603552766957e-01
-5.540947396249993329e-01
1.000000000000000000e+00
-4.479639059918990029e-01
-8.519933017296015265e-01
-8.563220987401057860e-01
1.000000000000000000e+00
8.192846992089171110e-01
4.987120847385501099e-01
6.983969204690816390e-01
1.000000000000000000e+00
-4.372690500270146607e-01
-1.124975633611801085e-01
7.622944212275770681e-01
-4.446080683853701476e-01
2.878713421359423152e-02
7.670795352843651216e-03
-1.272831181601064010e-01
-2.580518178504179749e-01
1.000000000000000000e+00
-5.363734944456599596e-01
2.859168604510154976e-01
-9.362761710051978881e-01
5.759446188282368873e-01
1.093000427982164791e-01
-9.403566830636518326e-01
-1.000000000000000000e+00
5.574162677810784450e-02
-1.735584160355200800e-01
5.941881744460629777e-01
-8.965326868024330320e-01
-1.019744043351267226e-01
4.727225716050199589e-01
6.197453579199809770e-01
1.000000000000000000e+00
2.577973163006331836e-01
9.760849745628948082e-02
-1.308781666420100742e-01
-4.828454299710427389e-01
9.660017987304436726e-01
4.889163482801417437e-02
-6.402322088266751976e-01
-1.393630775662617616e-01
3.954913145048369882e-01
-1.020963049615607188e-02
-1.000000000000000000e+00
-3.420919508716475654e-01
7.195152412380383389e-01
5.643447769720369989e-01
-3.339992554924550161e-01
1.385854212076754188e-01
-6.217196866644520981e-01
8.168435676077980823e-01
1.430976854211752636e-01
4.479013775956697252e-01
-4.317951797777896394e-01
-6.983173427772997321e-01
1.237594016249828066e-01
5.811686547035086470e-01
6.265541083713843662e-02
-1.116958012531294314e-01
6.299179094736757634e-01
4.994938681143107906e-01
9.538164418922321364e-01
-7.601693582254461790e-01
2.832198253583180225e-01
-1.000000000000000000e+00
6.928730804195000204e-01
-1.000799480176437217e-01
6.220052489280278318e-02
-4.860525050830959426e-01
-1.755323457956780575e-01
-4.863267973380666076e-01
6.666830625516105835e-01
-5.021412464300425427e-01
-9.209161352467243322e-04
-1.025078831980043015e-01
-2.657454354545868980e-01
1.124788472993138999e-01
-5.818421326846696662e-01
-9.405552068909706076e-01
-9.109714052155066799e-01
1.468903974389121903e-01
2.153963998454842266e-01
5.548141445399872307e-01
4.329263334692684539e-02
2.067029240731522444e-01
2.424579649205163556e-01
-1.000000000000000000e+00
6.621483891541575517e-02
-4.101247805758364562e-01
-1.642276584244883875e-01
-5.862194831088352043e-01
4.891990343562525601e-01
-4.874717284316280042e-01
-6.131118813681460944e-01
-6.703647402094791152e-01
-2.000384917804729490e-01
-2.819048451992444693e-01
3.240886502586852735e-01
