GEN Mean fit Std Best Ave life
0 -1.601852 8.903956 21.379599 0.0
1 2.548881 12.605281 39.963047 0.0
2 8.764536 15.976844 56.773463 0.0
3 18.904536 20.682924 56.860115 0.0
4 32.137138 23.079992 87.011736 0.88
5 23.754474 19.736738 56.87095 0.0
6 30.912062 22.582312 74.862273 0.0
7 36.756749 23.832508 84.5894 0.16
8 38.527916 19.73229 74.746171 0.0
9 39.785048 18.650929 87.011736 0.64
10 43.154368 18.916769 84.466602 0.12
11 47.269934 16.623617 88.39141 0.92
12 48.985445 17.247991 85.167552 0.28
13 49.221713 18.437677 87.211736 0.8
14 57.245905 15.645496 87.011736 2.32
15 59.346927 7.359047 86.038793 0.44
16 59.850017 7.736547 87.640905 1.88
17 65.370164 12.496861 89.393424 6.64
18 61.797248 12.972885 87.593424 3.32
19 59.329762 12.022982 87.011736 1.96
20 64.351587 12.021104 87.011736 5.52
