8.903955775108119752e+00
1.260528115678301297e+01
1.597684390138284272e+01
2.068292398040975399e+01
2.307999197607835384e+01
1.973673800167124170e+01
2.258231229627406833e+01
2.383250794674124151e+01
1.973228961640036161e+01
1.865092918671800959e+01
1.891676891686188711e+01
1.662361709208002836e+01
1.724799054814375765e+01
1.843767748644281212e+01
1.564549595761034340e+01
7.359047471797629747e+00
7.736547166558084498e+00
1.249686143174989361e+01
1.297288450601515386e+01
1.202298167772277182e+01
1.202110437573032975e+01
