5.876052307224316484e-01
-2.463621049406521379e-01
-5.877519247584104267e-01
3.923156991833911533e-01
8.643665470823033714e-02
9.156780755765633328e-01
-1.000000000000000000e+00
3.549678924758761234e-01
-5.526588755852539503e-01
-1.000000000000000000e+00
2.654998791184495777e-01
-7.374662875618451241e-02
-3.727636543134170699e-01
-5.778957566848275107e-01
1.722639193654476042e-01
-9.517728106159498713e-01
-8.951880521242794320e-01
4.006992968059825966e-01
1.000000000000000000e+00
1.000000000000000000e+00
2.579221768600639120e-01
-1.000000000000000000e+00
1.777176784092446837e-01
-1.295798264998664906e-01
7.556984070317784852e-01
5.306528797815776577e-02
3.152409678541867599e-01
3.570164293436356440e-01
4.059767744571212145e-01
5.487413305176236378e-02
-2.045248931934747494e-01
-2.067224678782952907e-03
-3.810150054125949204e-01
-2.939783789318472507e-01
-4.642005280585067006e-01
-1.210859578316269836e-01
8.623895048615062287e-01
5.821289473558388661e-01
-7.454887899982449717e-01
-7.849466195260240697e-02
1.260147843310502891e-01
6.422651874376723580e-01
-2.531517691870328046e-01
2.309504237022119710e-01
9.942878052816281342e-03
-5.961795207459092971e-01
5.268872790286828200e-01
8.995597862002513434e-02
-2.593062130905076090e-01
3.484261225888400926e-01
1.000000000000000000e+00
6.996773029381093689e-01
4.545239469042438030e-01
7.987460526955371121e-01
-3.517129600170876835e-01
1.000000000000000000e+00
2.896747493955040831e-01
6.366586268965421236e-02
-6.414192851183546651e-01
-9.466548104341916681e-02
3.410539349449375202e-01
-7.003694459581464304e-01
1.669040176335385706e-01
5.130737395524631594e-02
-6.900522609639312410e-01
5.728990020761541846e-01
-3.056728612482786933e-02
-5.048776735977312802e-01
5.668784368910797511e-01
-1.794244110639741374e-01
3.488011012584537607e-01
4.916100003494368598e-01
-7.961925800812714726e-01
2.371960207121662223e-01
4.219142916033563617e-01
-2.932659046262342528e-02
3.390718569964821238e-01
4.000742589929207615e-01
-1.000000000000000000e+00
-1.018227695446294323e-01
2.566448153811319299e-01
-1.965983352267275386e-01
1.000000000000000000e+00
-4.160523484055217436e-01
5.062789973569212787e-01
2.660725849164566892e-01
-3.871997100980713036e-01
7.447322073679489840e-01
-1.952296569747009602e-01
-4.180381720959994718e-01
2.517437780117267043e-01
2.063603178603130583e-01
-2.521281831959075181e-01
4.073466199224893280e-01
-5.116544362397069667e-01
3.081883333037372386e-01
-6.291954142305462572e-01
-1.134764162836171542e-01
1.144425538558291322e-02
-7.608067757516204233e-02
-1.997143045590553667e-01
8.908832810318777495e-01
3.153657986764155097e-01
6.099809522144592489e-01
-4.455635070326288139e-01
-2.219000433481071455e-01
5.285874773662185833e-01
-3.525751713853466640e-01
2.391252822938705891e-01
-3.294909783706192474e-01
-6.501141321743989510e-01
1.765315865212686575e-01
2.510069828705647765e-01
5.951065456934081510e-01
2.808824511337645879e-01
1.753676926271406089e-01
-1.023380119585060033e-01
-5.267529350677760958e-01
1.275434550408381384e-01
-3.017861242279179512e-01
4.709811832832809242e-01
-8.860013573060876446e-02
9.559198128565259411e-01
-5.597665527099210392e-01
-9.529021282270225823e-01
-7.443907976156247663e-01
-2.064762442068119874e-01
-5.082438484016511548e-01
7.849362600216038821e-01
-8.507308824851711471e-02
-6.466376412856111866e-02
-4.854972338153367151e-01
5.722928289238828903e-01
-7.447426478032578845e-02
9.431428897368274722e-01
1.000000000000000000e+00
-1.786703677634138565e-01
-1.000000000000000000e+00
3.365566922063808475e-01
-1.000000000000000000e+00
7.431003022853792661e-01
-4.903855106461904034e-01
-5.017480222022882019e-01
-7.628637489837836183e-01
-4.465786171236238444e-02
-3.229571898757364612e-01
-1.000000000000000000e+00
5.525383647237036566e-01
-3.587714278453685846e-01
5.151778220498606231e-01
-4.440713828560436949e-01
8.445481722668202185e-02
3.601482118377993258e-01
3.681879047032458052e-01
2.682044367321938516e-01
-1.000000000000000000e+00
9.012517928060371775e-01
-1.000000000000000000e+00
-7.966411818388783317e-01
-1.000000000000000000e+00
7.692884179650381071e-01
-4.421938434622749714e-01
4.587833970955101925e-02
-1.886736141524889554e-01
1.407805275864597583e-01
-1.536199862533682015e-01
-1.141366086631546706e-01
4.892350292736875605e-01
-5.268418818979968554e-01
-1.318966729285722117e-01
9.803619278462770703e-01
-2.180166415743264308e-01
3.962559759703044304e-01
2.072324271073282265e-01
-1.000000000000000000e+00
-4.580869657419516239e-01
1.380086941521584398e-01
1.000000000000000000e+00
2.823490934433359190e-01
-7.570005161113059211e-01
6.317988654362830490e-03
-1.354257285240989539e-02
-1.919976407649253702e-01
-6.766416036550262358e-01
4.426060632216358703e-01
6.192733338755643802e-01
5.596540195511643390e-01
6.639145115204948822e-03
8.017630535226776267e-01
-5.713421324310747895e-01
4.720021617674960424e-02
4.002498229819462794e-01
-5.137405151385994462e-02
-6.781346227928231052e-02
-3.001701743152795920e-02
7.974266291136411500e-01
5.064582365700751598e-01
6.926261406323525049e-02
5.960816671977915426e-01
-1.932742987456061712e-01
7.945261183788938641e-01
-4.659444993416174130e-01
1.167189581150251954e-01
5.518400888499103152e-01
2.206865270547211100e-01
-5.506044552056921226e-01
-2.915060221471633128e-01
-7.408429893299889324e-01
-6.015318300485809067e-01
-2.025601712821901990e-02
-5.224924590577727512e-01
-8.173105675769556377e-01
-2.404116001367855304e-01
6.923091324589086826e-01
-3.739828086429646259e-01
-6.061902931318771115e-01
-5.453847350801955818e-01
4.860715021759855481e-01
-1.499527585944724350e-01
6.762356159280231704e-01
-8.594081710188140599e-01
-7.163762931720345506e-01
5.953874590124610400e-01
8.863119665581664641e-02
8.555259846439604576e-01
-7.834198721897595030e-01
-9.101910459581740165e-01
5.921057129455766788e-01
8.393521272154229607e-01
-1.000000000000000000e+00
8.250650559456177424e-01
7.719693567879100105e-01
1.969316297085250134e-01
-6.211642535589118053e-01
-2.471270148821696766e-01
-9.113638257212188787e-01
4.632598297568492618e-01
7.941361259224788416e-01
9.978040336622796547e-01
-1.482516998443395018e-02
-5.334884368826194878e-01
3.912844601730316452e-01
3.454977681444730830e-01
6.754993274018863403e-01
2.299368681353858301e-02
-7.562984597005427689e-01
-5.564560580688135971e-01
-4.615531681725612012e-01
-7.232768371348246017e-01
-5.843339679121180019e-01
-4.956233582367055024e-01
-1.000000000000000000e+00
3.889275110622976150e-01
-1.879769156426047694e-01
5.274028720906424050e-01
-1.000000000000000000e+00
-6.896717206427079860e-01
6.202512523698566760e-01
8.046052293118797216e-01
1.000000000000000000e+00
7.009830541039983043e-01
3.547377672955696615e-01
-9.463894485334087836e-01
-3.624168620236470906e-01
-5.253334236868568707e-01
