2.175297592783951472e+01
5.721310261863329316e+01
5.760183729848224488e+01
5.730290651349459807e+01
5.716226955283406141e+01
5.716226955283406141e+01
5.759732261812771981e+01
7.521310261863328606e+01
6.627968822339258281e+01
9.402326625757942224e+01
7.575297592783951472e+01
6.660183729848225198e+01
6.660183729848225198e+01
6.609191706183106874e+01
5.775297592783951472e+01
6.622544845445558792e+01
6.609191706183106874e+01
7.521310261863328606e+01
5.775297592783951472e+01
7.505457939139341761e+01
5.773214184093667001e+01
