GEN Mean fit Std Best Ave life
0 -3.033789 6.206013 21.752976 0.0
1 -0.301219 11.472946 57.213103 0.0
2 3.846804 16.171773 57.601837 0.0
3 5.454419 18.47482 57.302907 0.0
4 1.860433 13.10991 57.16227 0.0
5 8.282172 14.665241 57.16227 0.0
6 12.855065 15.840046 57.597323 0.0
7 27.551938 22.942813 75.213103 0.84
8 35.146285 21.518965 66.279688 0.0
9 36.319357 22.034811 94.023266 1.8
10 32.407511 17.349535 75.752976 0.0
11 38.266865 18.378876 66.601837 0.0
12 45.216303 16.550103 66.601837 0.0
13 53.690274 11.207895 66.091917 0.0
14 52.836784 11.541494 57.752976 0.0
15 57.561104 1.758877 66.225448 0.0
16 55.99517 7.100639 66.091917 0.0
17 57.563439 2.524511 75.213103 0.0
18 56.849676 2.508033 57.752976 0.0
19 57.617508 2.499142 75.054579 0.0
20 57.200948 0.115609 57.732142 0.0
