6.206012812010915702e+00
1.147294566550650430e+01
1.617177335606385213e+01
1.847481995454610626e+01
1.310991041252547440e+01
1.466524059169951144e+01
1.584004572198852934e+01
2.294281325438490882e+01
2.151896529559362392e+01
2.203481068822797440e+01
1.734953499482683981e+01
1.837887580894916439e+01
1.655010285234412137e+01
1.120789509436412246e+01
1.154149445424794607e+01
1.758876826840247265e+00
7.100639031593498629e+00
2.524511305599017597e+00
2.508033163633239582e+00
2.499141697973206178e+00
1.156085221109880018e-01
