-2.292963214712138709e-01
-2.239853379832622560e-01
-1.300285522999162224e-01
7.024917088544015975e-01
5.184886142105737949e-02
-9.282495619525936714e-01
-3.464700639655258207e-01
1.675106727302692888e-02
-5.153033458093900787e-01
9.504147342777330421e-01
-1.000000000000000000e+00
4.971977507590661371e-01
-7.175000524319438133e-01
-1.747095656088808457e-01
-2.202738295543901215e-01
5.843873405040370672e-01
-4.262255917880991563e-01
1.256800719926165488e-01
6.415356923632742348e-01
2.862957163572023012e-01
5.878979234037398083e-01
7.616202355107237754e-03
-7.438445630383386797e-01
2.633682800937739987e-01
1.727215602608288547e-01
9.590474706880489641e-01
1.907798228656491513e-01
1.563054398465347217e-01
8.103021208764917827e-01
6.971614890983099388e-02
-6.456523684726325207e-01
1.000000000000000000e+00
4.336813806438442609e-01
-5.250845917325736023e-01
-2.907068596238978619e-01
1.000000000000000000e+00
-1.892867540430200612e-01
3.116013976317641987e-01
-1.000000000000000000e+00
5.651078034709440256e-01
3.929181754318608055e-01
1.000000000000000000e+00
-7.850833835217156942e-01
1.000000000000000000e+00
3.285826532454024229e-01
-4.375029443109564320e-01
-8.444131325113278796e-01
7.155253903989160502e-01
6.873847058488892492e-02
3.615078107370204297e-01
-7.723324444834813729e-01
6.761220730055793604e-01
2.035143053809159719e-01
9.469265554966578291e-01
-3.750396330862295485e-02
-1.000000000000000000e+00
-1.000000000000000000e+00
-4.373917963856180369e-01
-5.881600281358365656e-01
-5.358724783381553225e-01
-1.000000000000000000e+00
-8.723382997927553451e-01
2.048292480761685908e-01
1.000000000000000000e+00
8.617547263781514255e-01
3.062157580088465392e-01
-4.698567477481744303e-01
8.417257601177255966e-01
4.718234061474111396e-01
3.161790783294801122e-01
-1.533208113786695692e-01
-1.358766964701404734e-01
4.596013270856029731e-01
6.469338132132472774e-01
-7.065718989454993215e-01
-7.266555277902997378e-01
5.980912328506204911e-02
3.907517736895556038e-01
2.104262039882103530e-01
2.641605476589529988e-02
5.591475784885692191e-01
-7.140721938451073392e-01
-4.722717878082036136e-01
3.191818691061803492e-01
3.699773593651558001e-01
-1.701023708457416461e-02
6.897841298350444461e-01
9.733861526945758458e-01
-6.506362212114555899e-01
8.618847480119096183e-01
9.621224343308691918e-01
-7.731115153731761280e-01
8.325444728760462709e-01
-1.000000000000000000e+00
-1.000000000000000000e+00
-1.041038147181903295e-01
-9.788097099693969794e-01
6.376765341200928139e-02
7.192448717690221871e-01
-3.389057219765124751e-01
8.684461801916678603e-01
5.401533749405582618e-01
3.469790898270457280e-01
7.293840748209704516e-01
1.000000000000000000e+00
6.038089872961124316e-01
8.281105977645977223e-01
7.379204884464405367e-01
9.935057114772680165e-02
5.120514706496406276e-01
-1.346671888984409815e-01
7.185295692943832746e-01
-4.291310785074460843e-01
-1.000000000000000000e+00
-5.476933889952149137e-01
-7.285302915145328573e-01
3.438268917331627206e-01
-1.000000000000000000e+00
-4.855425903050425429e-01
-8.727443675374394472e-01
8.480575746390821568e-01
8.060403374526095566e-02
-4.936612312905930278e-01
-2.899596992921548155e-01
-5.991050875116252783e-01
1.330370771685687181e-01
6.986489429883100399e-01
-4.523041555944929959e-01
1.798892335790349128e-01
3.917811073933128996e-01
-4.414900893504434265e-01
-1.000000000000000000e+00
-2.513028461095042632e-01
3.833790380393841124e-01
-3.928904746005442705e-01
9.417951515250486683e-01
-4.173726855254658030e-01
7.259402410099193848e-01
-4.851838109006499922e-01
9.392814327277959618e-01
-1.029332188026458039e-01
6.182385109902097109e-02
8.654438925723835219e-01
-3.817669131296002050e-01
1.851582571616885442e-01
1.000000000000000000e+00
-8.895331492364955128e-02
5.896272014412545781e-01
3.328867730272049297e-01
1.258508138081495809e-01
-8.440857774548550241e-01
-3.519294639045063011e-01
-4.352943506357324077e-01
-6.561857053134951823e-01
-6.242773317687202450e-01
5.093347168429221972e-01
-1.810540290992786183e-01
-3.802253492158753634e-01
-9.037108730108085464e-01
9.422527710805985723e-01
2.858044831157425802e-01
1.248825539571024601e-02
-3.948782364179054261e-01
-7.373028011053627262e-01
2.057978152134078698e-01
2.133700666332373208e-01
7.808183829631483164e-01
6.829714891363853901e-01
3.974375672420521477e-02
4.103698279481787781e-01
-3.078126770276197188e-01
9.696686902200537528e-01
4.839383578211171599e-01
3.433908140190010672e-01
-1.342073779868426485e-02
5.975907754583110743e-01
4.544740837881089401e-02
2.313793046298075473e-01
-1.000000000000000000e+00
8.778586925827149834e-01
6.913669985474645285e-01
-3.668291127624351278e-01
-9.170875766534544171e-01
-5.923011009531200521e-01
3.838590217089294376e-01
-3.158003169904515656e-02
4.932926586153860704e-01
-9.396078106346725800e-01
-1.505703968382397506e-01
9.454540304863769951e-01
-6.873940773364963785e-01
4.416705525612557581e-02
1.000000000000000000e+00
-2.935614159327927797e-01
-3.929805281095232750e-01
2.772893750666213242e-01
-2.881917393829636076e-01
-1.742794002914725970e-01
9.735336581827394031e-01
8.201349738811478662e-01
5.749827269275580299e-01
3.040478810673074017e-01
7.612252056049809146e-02
-8.406696127721358103e-02
1.843519139704639098e-01
-4.962672739114200038e-01
-6.082600502223934891e-01
7.048023067264724828e-01
7.956441790097462663e-01
4.130682055044946344e-01
-5.939661156645903439e-04
-4.007661744374818036e-01
6.970351655812440095e-01
7.839428008898461364e-01
-8.658633725006044113e-01
-4.844905064159291674e-01
8.170458110043288258e-01
-1.000000000000000000e+00
8.086583704364984637e-01
8.099879157508197425e-01
-2.618277227061528434e-01
7.834423634593921104e-01
-1.000000000000000000e+00
3.571203271918114153e-01
-3.331819559344117998e-01
-7.746212493267305987e-01
-4.158939854050653917e-01
-1.895062773296842529e-01
-4.606880874591532948e-01
-1.472313170605988319e-01
-9.824966814413904626e-01
4.623395819649570582e-01
3.514533614437753140e-01
-4.630823720486620387e-01
-9.735177625105573274e-01
-5.640073106293999605e-02
4.150619732180927390e-01
-1.000000000000000000e+00
-5.938071495625202312e-01
7.974806681901795979e-01
-1.000000000000000000e+00
-5.132737506502912384e-01
-2.720011689577842562e-01
-2.961208057847107278e-01
-3.029661381528095387e-02
2.491238400998353059e-02
8.411261028900633985e-01
1.984295693610305666e-01
-2.850594738649938481e-02
3.570901401393162811e-01
-1.000000000000000000e+00
1.100697124584921471e-01
-6.849638526714392217e-01
5.871208235528340147e-01
3.673275490596255577e-01
4.484900009736610405e-01
1.037840721781073672e-01
-2.582624119937606544e-01
-8.354537601779449263e-02
5.618646474160513549e-01
-3.486398197092520634e-01
-4.463715325627718444e-01
-1.134428426754922337e-01
-4.166831070904102041e-02
-6.283957203182646278e-01
