3.922855887686998244e+01
3.933357331188757655e+01
3.954467888464230185e+01
3.949874178945526637e+01
3.048254710353529617e+01
3.090013357217580392e+01
3.974772657195336478e+01
3.974772657195336478e+01
4.844317193830046619e+01
4.844317193830046619e+01
3.952353644806849786e+01
3.951520306650933634e+01
3.951520306650933634e+01
3.951520306650933634e+01
3.951520306650933634e+01
3.974772657195336478e+01
3.998272016318507838e+01
3.998272016318507838e+01
3.998272016318507838e+01
3.998272016318507838e+01
5.741650369121830977e+01
