4.653523456425621707e-01
-5.508640597616971668e-01
-7.693285604138536127e-02
5.731959320505288780e-01
2.626078788822917565e-01
-1.053423969731502652e+00
-1.309822764213709689e+00
-2.262310817936515062e-01
-7.227533265364517456e-01
-9.141157486569241319e-01
-1.967396486534263467e+00
-4.132417750437305415e+00
-7.331789218811510800e-01
1.170712705147533228e+00
-7.637011684924902566e-01
-3.315850962905644295e-01
-2.072284814713581946e-02
-3.234726666078752144e-01
4.017944099185142282e-01
-1.356363347626873717e+00
-4.268719026332160604e-01
-1.432141305217330851e+00
-2.409646858918916001e-01
-1.115187383631109502e-01
-2.948555175903201375e-01
1.242250657847942641e+00
-1.908592852210339696e+00
-4.936417591878646816e-01
-9.242053904584817126e-01
3.943874377452064039e-01
-3.276952142861826178e-03
-2.546910504693811195e-01
4.886171158412092597e-01
4.354661180579277313e-01
-1.988732414016384786e-01
2.760514005077879807e-01
-2.841376796517719461e-01
-3.581374652003314063e-01
-7.941007484933464422e-01
-4.815970035415565675e+00
2.773985564642277024e-02
7.004228195399955226e-01
4.245586945047199023e+00
-7.142522264655515318e-01
-2.518891683676560689e-01
-1.591205298322017070e+00
-9.834421757204009351e-02
-2.055751896660846345e+00
-2.214929991795973885e-01
4.314756664845486589e-01
-2.167190119056781938e+00
1.513836425739205904e-01
-5.738030524008886912e-01
-3.025763741303447718e-01
3.027924907649732766e-01
2.957558711855447497e-01
6.511218494858885819e-01
-6.759220372832047685e-01
-3.253300541505688148e-03
-2.410244348866291408e-01
-2.219005270584867295e-01
1.496397753138864473e-01
7.617950935790265277e-01
-1.039153056630576888e+00
-1.221534169179082419e+00
-1.025068635245866888e+00
-3.731805426748174837e-01
1.375345837345752553e+00
-3.792464622914654138e-01
9.157567652430188554e-01
2.203685023954509437e-01
-1.481409377292353113e+00
3.980345676458511561e-01
-2.892246410301303250e+00
6.466729075159247664e-01
5.502042311800480201e-01
-1.402304113099742400e-01
-3.964679116410759763e-01
4.086365891155472330e-01
1.441984287290321909e+00
-8.341564877354796792e-01
8.711364115604669500e-01
3.956384145186863655e-01
4.384776199587158141e-01
-2.193664384771637499e-01
8.929895919369482682e-01
2.628618243329078119e+00
9.516165424853662014e-01
-8.939176107363916435e-01
1.029156546193236155e+00
2.340702500857129165e-01
5.918292017768980173e-01
1.088178000740077866e+00
-1.893611329607162164e-01
7.396091521267085245e-01
-2.028243718498692338e+00
2.671047281417290309e-01
2.469278685340257073e-01
-1.146702938467472344e-01
-2.810550431321671150e-01
-4.833765463394734674e-01
7.218864793399898394e-01
5.034414708915558867e-01
-1.515682133061997838e+00
-7.022111331254862199e-01
-8.458587650988513840e-01
-8.809451549953852684e-03
5.574778866676339817e-01
-7.198423685128257921e-02
7.346646747634840713e-01
4.704707033055079424e-01
-5.244916613263106431e-01
-1.907876832643277398e-01
2.514551961520157253e+00
-2.459344323775885799e-01
-5.508237318226513191e-01
1.884394441536151099e+00
4.082113648885840052e-01
7.753996888496211826e-01
-7.481951245129787598e-01
-5.581340104341440123e-01
4.215516621114276941e-01
3.496214843488217316e-01
1.150164486143374409e+00
-8.282902283078250605e-01
-4.863571273538958017e-01
3.810979465116569320e-02
-9.698042615248396725e-01
-3.840660139706345566e-01
6.385224445641216606e-01
8.534402430591601085e-01
-3.557867973884877855e-01
-2.968334811123287675e-01
3.678385241583895932e-02
-4.948752569103724575e-02
-4.866189657733478446e-01
2.908288589496842436e-01
3.419627673738083740e-01
-2.072469454238704545e-01
1.802403517206650208e-01
7.061392143991847004e-01
-8.505970698385679762e-01
5.942013721756939093e-02
-9.315498466780064435e-02
6.170114124465931882e-01
-2.023416277265157159e+00
-1.150513209202871590e+00
-1.178681807515038704e+00
-3.730089355458511835e-01
-1.594924915922800168e-01
-1.108423099339256035e-01
1.828208593044736152e-01
-6.384619080319073881e-01
-3.100915077934410791e-01
-9.798192913714458552e-01
-5.658985109924751233e-01
8.282754001743546368e-01
-2.423362371700092666e-02
-1.125382302413677760e+00
-4.150088795848778100e-01
-7.159543761069557810e-01
1.948427031867679127e-01
-7.340559532744512783e-01
-6.086974216903677792e-01
2.524251795088354178e-01
8.631989081311517431e-01
-4.070553523625402570e-01
-1.610186629460823582e+00
6.951122396173546880e-01
-4.306606809754121024e-01
1.679151106766805013e+00
9.294630739889129245e-01
2.059565299599968036e-01
-2.292522484147277440e-02
3.180771213773236905e+00
-6.382179026261294297e-01
1.180633208640852638e+00
6.599035936760988541e-01
4.229215101515801378e-01
1.252538622353493558e+00
-3.473083225191124224e-01
3.528298102863104413e-01
6.974019466144728563e-01
-1.514711431228711880e-01
8.934092747167056148e-01
-2.003579353253341910e+00
2.385463361937603111e-01
8.012725030603474963e+00
-2.293389338618608608e+00
8.431271255391405983e-01
-2.021954553714065739e+00
3.714384329734907730e-01
-6.559745443135873710e-01
5.130703907789704310e-01
9.045441746330831756e-02
-1.922833365500429825e-01
1.461813399310752937e-01
1.306074255987535349e+00
3.451190929061678236e-01
-3.756546635050234118e-01
-1.456689860886080934e-01
-3.011819326912236194e-01
8.864636604450595314e-01
-1.751021779904020192e+00
1.407107639983720404e-01
3.421998333158942085e-01
-1.357427329940928074e+00
6.463273429879045073e-01
-1.152198518294115015e+00
1.802815631196326374e+00
-1.949438031470483168e-01
-3.400534600438480104e-01
-2.747729327606750482e-01
3.121098505894682185e-01
7.167440031128234912e-01
9.568163963962524055e-02
-2.700234142534609361e-01
2.078363914007018143e-01
3.620042502398209128e-01
4.019175471959557377e-01
-1.807876080820189468e+00
4.663871980188516453e-01
-5.844368414009275536e-01
1.454670617233371210e-01
-3.456865009132905620e-01
-1.951383970446450011e-01
-2.824498903227836144e-01
2.172438133484784206e-01
-7.583036067236027522e-01
-2.143662529332114597e-01
1.206457573417460960e-01
-8.249502328080093871e-01
-5.742506033360894602e-01
-5.853416051415931687e-01
1.481417827320845315e-02
9.139109824671122206e-01
1.018172838312127348e+00
-6.770127634159028851e-01
1.266140551803735192e+00
-5.756669540719709932e-01
-2.610381262066972852e+00
4.200942417083131653e-01
-1.956522656742773481e-01
1.002064030935660849e-01
-2.899547128070840696e-01
5.964915354147159315e-02
-5.174314611707105938e-01
2.443659820237996383e-01
8.047042440387934814e-01
-9.239460045462876137e-01
8.327229528429461181e-02
-2.722897660699407640e-01
-4.171529300135558671e+00
3.791282799171516449e-01
-1.852421703489508298e+00
-3.732681128158301664e-01
-6.099522433013164768e-01
-2.001747428312687482e+00
-9.931326184731213980e-01
-4.731823876523454930e-01
-1.062885730865156697e+00
9.155183027082879343e-01
-3.489859346155189002e+00
5.777309013021189044e-01
-4.526968754752366264e-01
