
GEN Mean fit Std Best Ave life
0 12.203942 18.0 30.203942
1 12.203942 18.0 30.203942
2 30.203942 0.0 30.203942
3 30.203942 0.0 30.203942
4 30.203942 0.0 30.203942
5 30.203942 0.0 30.203942
6 30.203942 0.0 30.203942
7 30.203942 0.0 30.203942
8 30.203942 0.0 30.203942
9 30.203942 0.0 30.203942
10 30.203942 0.0 30.203942
11 30.203942 0.0 30.203942
12 30.203942 0.0 30.203942
13 30.203942 0.0 30.203942
14 30.203942 0.0 30.203942
15 30.203942 0.0 30.203942
16 30.203942 0.0 30.203942
17 30.203942 0.0 30.203942
18 30.203942 0.0 30.203942
19 30.203942 0.0 30.203942
20 30.203942 0.0 30.203942
GEN Mean fit Std Best Ave life
0 -2.168979 9.323588 39.228559
1 7.743238 12.577663 39.333573
2 12.362481 12.59489 39.544679
3 13.293106 12.009045 39.498742
4 10.845399 8.131705 30.482547
5 13.245933 7.227467 30.900134
6 14.222279 6.92975 39.747727
7 15.288142 7.753627 39.747727
8 16.157127 10.003758 48.443172
9 14.720618 7.532444 48.443172
10 15.831921 7.966389 39.523536
11 15.837659 7.570033 39.515203
12 17.771398 8.813853 39.515203
13 18.127905 9.156351 39.515203
14 17.772438 7.733 39.515203
15 18.646371 6.81746 39.747727
16 17.275352 6.976421 39.98272
17 22.924598 10.348183 39.98272
18 20.406772 8.590711 39.98272
19 21.12047 8.463624 39.98272
20 22.970271 12.659815 57.416504