9.323588310521984113e+00
1.257766291563956074e+01
1.259488993442932703e+01
1.200904450188930994e+01
8.131704510828660304e+00
7.227466908160158354e+00
6.929749740840651206e+00
7.753626597066175741e+00
1.000375788503268559e+01
7.532444254856179633e+00
7.966388989080407157e+00
7.570032731565777162e+00
8.813853485478974292e+00
9.156351024075869205e+00
7.732999529417049267e+00
6.817460396694699831e+00
6.976421268686978649e+00
1.034818258959081838e+01
8.590711399949755744e+00
8.463624099920453503e+00
1.265981452767605830e+01
