9.237237888630936311e+01
9.177237888630936880e+01
9.173703951986405514e+01
9.272700044143624609e+01
9.177237888630936880e+01
9.212700044143625178e+01
9.193703951986404377e+01
9.253703951986405229e+01
9.253703951986405229e+01
9.253703951986405229e+01
9.253703951986405229e+01
9.251240366476761778e+01
9.253109579777975569e+01
9.253109579777975569e+01
9.253703951986405229e+01
9.257237888630936595e+01
9.257237888630936595e+01
9.257237888630936595e+01
9.257237888630936595e+01
9.253703951986405229e+01
9.253703951986405229e+01
