-1.111237539749208025e-01
2.046757809212551016e-01
1.000000000000000000e+00
9.916483145187420245e-01
-2.166821790725726726e-01
9.765981099041509683e-01
2.322940967601349882e-01
-3.594063318380485428e-01
2.246041042395711951e-01
-9.228183273992093261e-01
-9.450279475281577746e-01
-5.001383197335355080e-01
-5.793266653762912943e-01
-1.697528329754838250e-01
-1.496252504844430564e-01
-7.406992269788171823e-01
1.949555288899829097e-01
-6.313690107969128773e-01
3.769600430554399528e-01
-3.071757782506245871e-01
-1.000000000000000000e+00
2.713255992058639238e-02
2.113748474142627398e-01
5.340217043627699667e-01
-3.877216581138875351e-01
-1.177486638255804130e-01
7.576459547767142588e-01
3.061197979292988314e-01
-4.890993561374180620e-01
-5.621366824575866339e-01
-6.943773910676670491e-01
-1.000000000000000000e+00
-7.762080688904172687e-01
4.367186832156158549e-01
6.473065256242346299e-01
4.341702822082732505e-01
-6.204286496241206983e-02
-2.366072285254801066e-01
3.551978404469428030e-01
1.753217219548959260e-01
-6.040019676619003963e-01
3.599789167081279828e-01
-1.435767125392509724e-01
-8.449510752539515224e-01
7.349915512725391231e-02
-1.415310788182803370e-01
8.057021985764412086e-02
3.922187183208789563e-01
8.639089018133984110e-01
-2.538775986032594245e-01
9.199046678941684707e-01
3.959395317774292433e-01
-2.297307606361771171e-01
7.142193789270976367e-01
-8.185384600342517913e-01
6.165105968072216447e-01
-3.454488536564754853e-01
6.029124708470950944e-01
-4.665219089757286497e-01
-1.000000000000000000e+00
-6.188670219392838900e-01
5.687287320283753722e-01
5.253245135081130446e-01
-2.312871055642954643e-01
-4.080309254347858072e-02
-7.659594752419206509e-01
5.461206509673365295e-01
9.455585388127280000e-02
-2.376801933072857365e-01
-6.502315911437251961e-01
-3.228059340053915927e-01
-5.460249058773254394e-01
-9.463957564329446015e-01
5.124033607716658306e-03
4.471799848517813425e-01
-4.667621527943984217e-01
1.000000000000000000e+00
-1.249627331204903741e-01
3.100410976671532648e-01
8.291460917251319840e-01
-4.550674295055788798e-01
-1.655722267959326977e-01
-7.088056810573197808e-01
-5.901002772840889810e-01
1.308366604682222323e-01
2.729431130113330051e-01
4.767803631082448979e-01
2.592072902759671171e-01
-6.579089548137552201e-01
3.432690575360072827e-01
8.455414100818494649e-01
8.698890257366860279e-01
7.591084911862808760e-01
1.861838844490666389e-01
-1.510133015888229235e-02
1.533640442860096098e-01
-5.765649013524130062e-01
7.279747511996531584e-02
-1.346961133628171159e-01
-1.000000000000000000e+00
-4.177249971064596612e-01
-6.705658799445783913e-01
-9.171826338997504102e-01
1.654761781430941214e-01
3.233780640455172772e-01
-1.994409019223709056e-01
-1.275071928317922376e-01
-7.290482569161862991e-02
8.820138073953711633e-01
3.912411854427628732e-01
4.460514913999686359e-01
-1.007390979764155592e-01
3.484384335944870070e-01
-3.726235750579035555e-01
-3.756864192504505984e-01
9.226038709929083037e-01
-6.562589656565376295e-01
4.586567782896509571e-01
8.108011114613649095e-01
-1.045228766864199910e-01
-7.112476953340637342e-01
-1.101465671324534795e-01
-6.876519943504546539e-01
-1.000000000000000000e+00
-3.205858437874802291e-01
-8.995116110668472942e-01
9.469141473063815706e-01
-5.818023982331991251e-01
-1.000000000000000000e+00
3.401306446451076715e-01
4.995801102521559289e-01
-8.432000150268404992e-01
-3.983150381910550153e-01
-2.103326065548511703e-01
-1.158978491651461162e-01
2.481290317906667542e-01
-4.804592675289180992e-01
6.267137535162259354e-02
-4.935174978998448925e-01
5.031974534075269734e-01
4.007639550836025744e-01
7.161575777672781751e-01
7.844924332760868646e-01
-3.138007536309225243e-01
9.319666872535652402e-01
-8.393794631266238149e-01
-4.812049250577366544e-01
6.476794672537100617e-01
8.930599106316449570e-03
-1.077185317451793412e-01
1.700981263328909809e-01
-3.201280650457337673e-01
-7.903201397289070229e-01
-9.293760865438178698e-01
2.467772424680431675e-01
-7.992446029288031717e-01
3.254704878631790588e-01
-3.010530097296170160e-01
7.482405458958194533e-01
-3.832977591440200893e-02
-1.562729290784412584e-01
-4.546999732714663844e-01
-1.066299105524691759e-01
6.674110800962976819e-01
-1.700522533255683921e-01
6.329389589006171324e-01
7.995058050977372766e-01
1.101733685026801135e-01
-5.863467972356957159e-01
-1.000000000000000000e+00
2.030067226060838781e-01
-6.228285159410702487e-01
4.098844695225227208e-01
8.589941570253473158e-01
8.034236475715766934e-02
5.309119008398363038e-01
5.006379483738123692e-01
-1.567355043905959144e-01
3.302808163252609064e-01
2.842616355898103242e-01
7.159838694847603380e-01
6.639106203796246719e-02
6.254843187188880993e-01
1.343463137985398403e-01
1.155465953943618507e-01
-9.475566393126358955e-01
-3.785879861844043681e-01
-3.539667364738846578e-03
-9.550607453882336007e-01
5.502390215791272965e-01
-1.309600476152793791e-01
4.000344170634650975e-01
9.077739920058639500e-01
5.565763250585291644e-01
5.339370100034519506e-01
-1.030554865684767951e-01
4.671007539605744885e-01
6.013864819939456208e-01
-6.346446418053093286e-01
-3.321451711098237503e-02
5.729401450730706724e-01
3.525664146357604944e-01
-4.096635687436532280e-01
2.402751298673838631e-02
-9.045177648989934927e-01
3.026936926635483971e-01
-1.000000000000000000e+00
-9.124476119207693969e-01
-1.925632779393837701e-01
4.830494191867502618e-01
-6.953583230308270080e-01
-8.360342962837337133e-01
1.000000000000000000e+00
1.000000000000000000e+00
4.276957599133610066e-01
-1.274873966529375957e-01
-4.317545106818647671e-01
-9.437622991039352760e-01
1.000000000000000000e+00
6.156473120979832903e-04
5.700406446504857616e-01
-6.706187778886022466e-01
1.000000000000000000e+00
8.963401275361992937e-01
1.815651014136873131e-01
-2.500200374922517121e-01
-7.681654097179346774e-01
-2.904242696844103189e-02
2.911248312685054129e-01
4.826428109120421972e-01
-2.557614624653110624e-01
-7.021054922772320683e-01
-8.758252054234412221e-01
1.000000000000000000e+00
1.327525123777382188e-01
8.629377674713973878e-01
-1.074324961959791241e-01
4.449641991759609727e-01
1.336272247682584458e-01
9.067504208402749066e-01
-8.034972257074357582e-01
-3.558782778491179077e-02
-9.635327367465071902e-01
9.666472414003111080e-01
-7.402443890029966056e-01
-5.076623334684799982e-01
-1.117687706329283936e-01
2.264274137731446535e-01
-1.160675250491210661e-02
3.340078402997121998e-01
-3.172742840020220667e-01
1.970162521544897016e-01
-7.010958477861118920e-01
6.605148313341646649e-01
-6.784185422091294493e-01
-1.319293218392774414e-01
8.688980871502692827e-01
-3.060833352844766209e-02
-1.000000000000000000e+00
2.283543103741003666e-02
7.342615311044511928e-02
1.914780440986874888e-01
-2.483302564705781590e-01
7.122862327189518616e-01
-5.577114568955807150e-02
