6.360000000000000320e+00
1.027999999999999936e+01
6.799999999999999822e+00
1.403999999999999915e+01
2.116000000000000014e+01
2.612000000000000099e+01
2.996000000000000085e+01
3.760000000000000142e+01
3.479999999999999716e+01
3.667999999999999972e+01
3.447999999999999687e+01
3.479999999999999716e+01
3.967999999999999972e+01
3.703999999999999915e+01
3.671999999999999886e+01
3.896000000000000085e+01
4.247999999999999687e+01
4.432000000000000028e+01
4.132000000000000028e+01
4.488000000000000256e+01
4.875999999999999801e+01
