GEN Mean fit Std Best Ave life
0 15.286217 32.241168 92.372379 6.36
1 28.383944 37.625461 91.772379 10.28
2 36.292772 32.621446 91.73704 6.8
3 52.757118 32.535068 92.727 14.04
4 65.799216 26.31059 91.772379 21.16
5 68.379288 26.014004 92.127 26.12
6 75.325561 24.082193 91.93704 29.96
7 86.081307 9.898767 92.53704 37.6
8 86.737457 7.276735 92.53704 34.8
9 88.366809 1.965471 92.53704 36.68
10 88.134781 1.516594 92.53704 34.48
11 88.205613 1.382474 92.512404 34.8
12 88.679964 1.788908 92.531096 39.68
13 88.421473 1.523009 92.531096 37.04
14 88.392908 1.635705 92.53704 36.72
15 88.641894 1.578155 92.572379 38.96
16 88.968487 1.817405 92.572379 42.48
17 89.108309 2.048444 92.572379 44.32
18 88.611467 2.498724 92.572379 41.32
19 89.140474 1.794858 92.53704 44.88
20 89.509095 1.942018 92.53704 48.76
