3.224116757527269783e+01
3.762546125054131352e+01
3.262144631577436371e+01
3.253506814186138740e+01
2.631058995009278689e+01
2.601400420498905319e+01
2.408219325497685404e+01
9.898767399141721768e+00
7.276735327298934131e+00
1.965471028692481692e+00
1.516593661434500584e+00
1.382474478297409659e+00
1.788907996705968673e+00
1.523008560644756537e+00
1.635705431914599606e+00
1.578155309339674295e+00
1.817404593993946493e+00
2.048443915724894815e+00
2.498723673270565993e+00
1.794858243000835296e+00
1.942018310476438137e+00
