5.885692900641903424e-02
-1.360502900883635569e-01
-2.225435400660046026e-01
-3.547731055737166628e-01
3.004044420902284296e-01
7.251303116027819629e-01
1.000000000000000000e+00
1.614206839699300344e-01
-6.801364065768189526e-02
3.962251504928052115e-02
8.222363491736668639e-02
2.453452997714357098e-01
3.699366474560635831e-01
-3.336383125937368854e-01
-5.121951102354762586e-01
8.985041860499358712e-01
-8.805822875451185805e-02
-9.361556400277974976e-01
5.678808201784235621e-02
-2.655601734499754008e-01
-1.051548379834310598e-02
5.839134082725030428e-01
-7.125061794143394689e-02
2.414886176554565389e-01
3.422500158069766152e-02
6.014084307224294434e-01
-4.875151979480161213e-01
-3.468208099725972327e-02
-8.089619209729129734e-01
4.010425145955827109e-01
1.000000000000000000e+00
-2.898112216579824540e-01
-3.579851210481244661e-01
-2.594297938624481326e-01
-2.283471940512128706e-01
8.452526537726459122e-01
-1.752437237611658705e-01
2.697191641458404066e-01
-3.090456591570718281e-01
2.354626400743113912e-01
1.439779475098612593e-01
4.887934901871868743e-01
4.496401995515477701e-01
4.185104578702880662e-01
-9.978780558267662526e-01
3.824713997675270316e-01
-1.000000000000000000e+00
-2.334290159950542232e-01
6.154407995573710766e-01
-4.512710644923615955e-01
1.999617341469138165e-01
1.000000000000000000e+00
-2.167477450163131092e-01
-2.109687855732814699e-01
4.887566167962913433e-01
-5.950602279584283893e-01
-5.133467459762741658e-01
-3.676999430537263303e-01
1.000000000000000000e+00
3.297559682661709290e-01
-9.298286088929520465e-01
4.547607669118074458e-01
4.544392315720459374e-02
2.996736383045173202e-01
-5.932177018764919207e-01
5.412150168916542992e-01
-9.558326317261747196e-01
-4.610032391819475217e-01
5.115089849213535489e-01
-6.094819146511715191e-01
-1.000000000000000000e+00
2.343825741671440588e-01
3.796987279307725838e-01
3.232325788404231681e-01
5.094348847029830374e-01
8.091153380155928776e-01
-5.861893514327081167e-01
-2.418695624001710731e-01
1.525951521544581524e-01
-8.373094364530105915e-01
2.862897264482635595e-01
2.377107033682417381e-01
4.268491546777637424e-01
-3.191570146722627066e-01
-1.015853344240501277e-01
3.504533746422617835e-01
-9.226225749474720184e-01
-4.838209293844952241e-01
7.523002810971319843e-01
-2.301313351712077626e-01
6.962636114703024681e-01
-1.000000000000000000e+00
5.671812283455254788e-02
3.894502320754200664e-01
-3.133184405851990317e-01
8.137345432986589078e-01
4.484947940679168826e-02
-5.607413021726525004e-01
2.028725042384051935e-01
-3.672208713630570331e-01
-9.249690312422020888e-02
-1.205598992398810854e-01
2.128898169530421824e-01
2.560685121344318249e-01
-5.059489540626589399e-01
1.000000000000000000e+00
-9.744001579920577027e-01
-6.406556958297267013e-01
-1.410193074142148117e-01
-9.258937619753287995e-01
-3.278606278514323291e-01
9.675170940267938668e-01
-7.306099112248461980e-01
-1.000000000000000000e+00
9.456282007223075492e-02
-1.299800342234551098e-01
4.756271428208286300e-01
-1.435818786395439695e-01
1.000000000000000000e+00
7.659207309528897056e-01
7.333019809374551334e-01
-2.151682941711694497e-01
-5.029057640693163078e-02
6.065400768671893594e-01
-9.673486765269055931e-01
2.767853185667755733e-01
3.005398711581763194e-01
3.369770710699638849e-01
1.419213646887487745e-02
-2.461401902449519286e-01
4.744357745447597141e-02
-5.044585133640731023e-01
-3.384880781793578319e-01
-3.396112510376697591e-01
-6.655249725167102781e-01
4.986845038149871900e-01
8.960469789036099586e-01
-4.964389525629600008e-01
-2.212152201057852596e-01
-6.172927717196093900e-01
9.511966324856624411e-03
-6.266536703318728030e-01
1.652545729387171480e-01
-8.789994454365380738e-01
8.765732743077460365e-02
8.290886001275574735e-01
5.646820190342077828e-02
1.460528520002867259e-01
5.263919589635769336e-01
-4.433383903358680822e-01
-6.444679831216353350e-01
-6.703048366697141880e-01
-7.159657626684241549e-01
4.290995407831177944e-01
-1.000000000000000000e+00
-4.731327857716414176e-01
1.526306485964574744e-01
9.185818989697464021e-01
-3.489347471267799372e-02
-1.683795741649555255e-01
-9.061644299910587286e-02
-5.262637446851686773e-01
6.984041759232089142e-01
-9.218984064325635996e-02
-1.182447544709175347e-02
-1.000000000000000000e+00
-1.585036299899155177e-01
-5.667596794220108869e-02
-6.876272787783099805e-02
2.462724786928533194e-01
1.161204504918251779e-01
-9.712438942536312236e-01
7.847953412775618975e-01
7.531616507098921609e-01
-5.785292794519076853e-01
-8.622417296812159848e-02
-7.204884638972834932e-01
6.614843477695451224e-01
5.110865743074211043e-01
-5.785389156498679242e-01
6.580376055687797709e-02
5.433539030663862013e-01
-5.388749104050789551e-01
-9.937492542501421555e-01
4.473193529643120225e-01
-2.573304949684276921e-01
1.000000000000000000e+00
2.773700010055695775e-01
6.161391999485632542e-01
2.497376158028308257e-02
4.975084798038261757e-01
-4.428136173441069579e-01
-2.878328388567491514e-01
-2.520336971563116313e-01
-9.299194646584008073e-01
-1.000000000000000000e+00
5.840799084890813120e-02
-4.680544750720452840e-02
-1.592044229095660179e-01
-8.280491268891786438e-01
5.389994129750395047e-01
7.639407669015945146e-01
-3.495814895894140406e-01
3.455107261421441756e-02
3.698089557870754551e-01
4.191228700726588874e-02
1.828387127226670794e-01
-8.109085878875521569e-01
6.729667893594570849e-02
2.698167051597300525e-01
1.036935435054661681e-02
-1.185187408620748117e-01
5.889040820790140129e-01
6.556644505514908072e-03
-4.848180654630261932e-01
-8.480127893972067010e-01
1.000000000000000000e+00
9.201883554293877054e-01
4.452528718012417341e-01
1.000000000000000000e+00
-7.891580490159814110e-01
-7.003279904566744873e-01
6.972650779323905645e-01
1.634505675697797145e-01
-1.000000000000000000e+00
-2.774230359646560062e-01
-3.986778961015683409e-01
3.793128527629483493e-01
1.085659565738632537e-01
-3.209242167058334871e-01
3.433894579033162642e-01
2.842396105551375785e-02
4.324322338421294765e-01
6.227184673972676610e-01
1.000000000000000000e+00
5.149860041764096064e-01
1.087787955305345444e-01
-3.321036958071850176e-01
1.887909380580979624e-01
-3.343112141383097202e-01
-7.269899330512816782e-01
-5.105673505873036255e-01
4.011450265412590532e-01
1.636510264394159253e-01
-8.415892475971381570e-03
3.758959151153207778e-01
-9.850597111302158426e-01
-4.038732437449741308e-01
9.608782604666684657e-01
2.695399060749236742e-01
-1.998276616674487527e-01
1.324159402886475601e-01
-3.526243028259775647e-01
5.180221724022444629e-01
8.438846649187744520e-01
-7.072565890753266249e-01
-2.746494254762332776e-02
9.745160360167500757e-01
4.326273443494014215e-01
1.600312844522333577e-01
1.052352651277883022e-01
-2.582285995619276187e-01
-6.324715029073744998e-03
6.529170345564556666e-01
9.042921992940472498e-01
