5.677346333071253071e+01
5.656064962889990255e+01
5.677346333071253071e+01
5.678339389891513633e+01
5.677346333071253071e+01
5.677346333071253071e+01
5.677346333071253071e+01
5.677346333071253071e+01
8.421379137609950760e+01
6.576363040979629204e+01
8.618322890233342548e+01
7.489744140538643080e+01
8.726660195700335976e+01
8.741998334634742207e+01
8.541379137609949623e+01
8.541379137609949623e+01
8.659342407327507374e+01
7.476363040979629204e+01
8.661379137609949908e+01
8.718939992297535468e+01
7.476755198344947928e+01
