GEN Mean fit Std Best Ave life
0 -0.219808 12.451385 56.773463 0.0
1 8.898583 17.773196 56.56065 0.0
2 10.480579 15.285343 56.773463 0.0
3 13.549651 18.357658 56.783394 0.0
4 19.023945 14.044674 56.773463 0.0
5 17.830789 11.222938 56.773463 0.0
6 23.248605 14.354469 56.773463 0.0
7 30.205203 14.981322 56.773463 0.0
8 39.764755 19.991892 84.213791 0.12
9 35.330698 18.105747 65.76363 0.0
10 42.458089 19.451357 86.183229 0.36
11 47.266815 16.719209 74.897441 0.0
12 53.737531 16.120455 87.266602 2.32
13 57.131279 15.452333 87.419983 1.24
14 56.870634 12.242048 85.413791 0.32
15 58.110089 8.228913 85.413791 0.64
16 57.560521 7.554613 86.593424 0.56
17 58.393486 4.649037 74.76363 0.0
18 57.201847 7.151085 86.613791 0.56
19 59.645148 7.621669 87.1894 1.68
20 58.217332 3.76439 74.767552 0.0
