1.245138511757190791e+01
1.777319619666011263e+01
1.528534316024219031e+01
1.835765800292237060e+01
1.404467420086479734e+01
1.122293770491400089e+01
1.435446898344272171e+01
1.498132180844923589e+01
1.999189193871895753e+01
1.810574684990927352e+01
1.945135694932348613e+01
1.671920901989198782e+01
1.612045524638859106e+01
1.545233278753053341e+01
1.224204787305697550e+01
8.228913403652391878e+00
7.554612771647913227e+00
4.649037484609085169e+00
7.151084647089161805e+00
7.621669052492475060e+00
3.764390328161439037e+00
