1.473692657764185121e-01
-6.318473306041963999e-01
-9.909769904359035930e-01
-8.369864317503175055e-01
4.078390368075482941e-01
-2.083147906846756214e-01
7.939853585689800042e-01
6.503967743859484507e-01
-3.849698042803152420e-01
-8.915319120304735501e-01
8.768517667573499930e-03
7.479436370095028375e-01
-7.826551033688329273e-01
6.020842966292485610e-01
1.403550587176070896e-01
4.134654968490920068e-01
3.539547997736783858e-01
4.545895409350155791e-01
6.040658964848910628e-01
7.568421335861380550e-01
-9.957128110476687333e-02
-5.159651580561109840e-01
-1.604428674988397363e-01
1.330983077773843226e-01
8.067543864116729635e-01
2.109244436154228686e-01
4.419772222073734547e-01
-1.000000000000000000e+00
-4.186901258689627037e-01
-6.017581503974428481e-01
2.566777547200049803e-02
8.356652355587679271e-02
-1.761687761606437475e-01
-7.724146801726325950e-01
5.954974913327383268e-01
2.798077843642217677e-01
-1.997686069706587908e-01
7.414890256389852219e-01
-9.881641818414653444e-02
7.748893002025399879e-01
9.730100563012272774e-01
1.366602028637001198e-01
3.336807219694437054e-01
-6.450842714675506517e-01
-4.506198283954559458e-01
-1.712596613811349089e-01
3.827061514281038246e-02
-5.552318821589552478e-02
6.862025568003670140e-01
-5.263988604589584508e-01
6.604205715694184686e-01
2.087093397814905327e-01
-1.000000000000000000e+00
7.854392942626072793e-01
-6.557958303852886583e-01
8.474822585375807460e-01
-1.100094333723452555e-01
-8.465552821504900294e-01
-4.095971562679381339e-01
1.681447077345828156e-01
-1.024464137766603056e-01
-1.447905817156642794e-01
-4.761351103313433697e-01
9.842422991259049958e-01
1.839760036707749347e-01
-2.781713256998767925e-01
-8.264455626794606768e-01
6.091760091520325160e-01
-5.606627570189728349e-01
-3.123940570071157552e-01
8.600785994294659620e-01
7.227760239476443971e-01
-2.617175960556635816e-01
-1.000000000000000000e+00
1.731294833219868545e-01
6.247940681963977116e-01
-3.353747672915979861e-02
1.587829253504448035e-01
4.876132927769748493e-01
-4.188183669970413359e-02
-4.960397372743730604e-01
8.023666387551446899e-01
4.606249432245784758e-02
-6.788861821402013552e-01
5.527616044736965994e-01
6.847553783041863129e-01
4.507978477011531648e-01
-2.400948601036239083e-01
-1.000000000000000000e+00
1.000000000000000000e+00
-1.859134185859509514e-01
2.400455035131021653e-02
5.444634082389928631e-01
3.605972908871447613e-01
1.000000000000000000e+00
-5.426931677650512764e-01
-3.997766597803509292e-01
-1.000000000000000000e+00
3.855967100523294278e-01
7.356767933752162980e-01
-4.646051519889100034e-01
-4.763500163740638782e-01
2.319907205855640253e-01
-5.910632495120299312e-01
9.922183707441445399e-01
-5.147522371276981312e-01
-1.695974111696499365e-01
5.291889971630265865e-01
5.929879028423494791e-01
-6.312672487578542546e-02
1.049871425557467042e-01
2.975662434618888685e-01
8.917178426264776858e-01
-2.749246933890996392e-01
6.212765958975192682e-01
4.503537708894120306e-01
3.897647101004320103e-01
-3.450619305698392481e-01
1.000000000000000000e+00
-5.673319435008997713e-01
-4.677332570417991886e-01
1.801145313787955171e-01
-4.090690387964261987e-01
6.398981563252426064e-01
-1.000000000000000000e+00
9.336290084959162350e-01
3.626125074131736348e-02
6.899506691864270014e-01
1.722339649971287301e-01
9.793969210916372847e-02
8.328761060299337826e-01
-9.183180026452915090e-01
6.068659722808930068e-01
-2.064178748486876769e-01
-5.334560244016474106e-01
1.701378120514380199e-01
-1.174633892606773700e-01
-3.507090322750577860e-01
-2.388142746298974883e-01
-1.826940153320473770e-01
1.749969113997505987e-01
-2.996062537849282226e-01
-5.523231589971093758e-01
2.246240457996414586e-01
-1.595168552714332777e-01
-6.365068729406851977e-01
1.449223672693067955e-01
4.601022606912006374e-01
-3.093214935715440372e-01
-9.331368424691338648e-02
9.667647504390298741e-01
-3.046167456253670025e-01
-2.802047769493923313e-01
1.000000000000000000e+00
-5.664726016765592176e-01
4.963265911340927761e-01
-1.000000000000000000e+00
-3.637276392510745415e-01
3.378530012218723400e-01
6.135827385162190284e-01
-3.299081095558207277e-01
-3.678687320097952240e-02
-6.724240714243607808e-01
6.961847467801687284e-01
8.473423335179295357e-01
-3.806428216788709795e-01
4.486075074671322938e-01
-3.476096426948999119e-02
-4.150272321314654178e-01
-6.276850921008280126e-01
-1.401390928850090312e-01
-8.081793986040439193e-02
2.311707009705112059e-01
-2.622141531487769406e-01
9.106202345942238097e-02
1.000000000000000000e+00
5.208864346350473573e-01
-2.351145859461014342e-01
-1.000000000000000000e+00
-1.156317035347903532e-01
1.490218983763027527e-01
9.544774486379365985e-01
-2.973707305768069631e-01
-4.630321848918010907e-01
-7.186933187140267520e-01
3.974354834803939251e-01
3.828609225553444295e-01
1.000000000000000000e+00
-4.166779326696499197e-01
-1.000000000000000000e+00
-4.062894565564161287e-01
-2.497461011561172839e-01
1.000000000000000000e+00
7.666698476115625382e-01
-5.010531731124781007e-01
7.092147265492666497e-01
8.260129455629612594e-02
-7.214452366149226581e-01
-1.560811186030797160e-03
-4.804105808982428449e-01
-1.850906841152552273e-01
-4.373449828109470250e-01
-6.429716418237386710e-01
5.411223903505870680e-01
1.926775472869444450e-01
1.138817729530373080e-01
1.561071053755203053e-02
-3.084565043273638230e-01
6.379900088364414135e-01
2.260448150528072409e-01
-3.347383461230193369e-01
3.088819274074994237e-02
-5.524198985770795156e-01
3.237352789057013069e-01
5.991358942603960402e-01
-1.392283222189472092e-01
1.506109885200627163e-01
-9.980049780011162053e-01
1.000000000000000000e+00
5.859235114104498487e-01
-4.767851487568069979e-01
-7.701265847294264111e-01
5.661257317456117599e-01
8.076578831993962426e-01
-5.753816245551842679e-01
9.170565893262316859e-01
-4.604706864590248361e-01
-5.465095300664640776e-01
-5.338124253019449483e-02
4.185763007497071975e-01
-2.459657403415682064e-01
6.804103046745583194e-01
-9.238541829963953234e-01
9.991540574072804715e-01
1.000000000000000000e+00
-3.476076725567103232e-01
4.739854669696214051e-01
2.803293872416600108e-01
7.711532558022076156e-01
-5.605090531170526802e-01
-8.651260234483350020e-01
4.624582825523593232e-02
-1.943701187876827330e-01
5.173020761217858587e-02
-3.752943954139642546e-01
-2.607499544434096483e-01
5.190801841864558508e-01
-5.743775975743639073e-01
2.104234152569297578e-01
4.209319998604249546e-02
-7.359374474244639863e-02
-6.664583961414921598e-02
1.342908306916511529e-01
8.604902176492351673e-01
5.126198676955043831e-01
-7.476680987011263824e-03
-7.741250455842223488e-01
5.913915388752639668e-01
-4.743839037425248151e-01
-8.689159294020272206e-01
-8.886479803856096593e-01
-1.000000000000000000e+00
7.233341517839958490e-01
-1.599006883961699155e-01
4.190552945167874133e-01
