9.177237888630936880e+01
9.177237888630936880e+01
9.304704041507837076e+01
9.263715536974008558e+01
9.273193985886487667e+01
9.251240366476761778e+01
9.250013357217579824e+01
9.252482618476616949e+01
9.257611947915371786e+01
9.257611947915371786e+01
9.249405452609941847e+01
9.257611947915371786e+01
9.148188000615577664e+01
9.253109579777975569e+01
9.177237888630936880e+01
9.237964417492166547e+01
9.233703951986404945e+01
9.233703951986404945e+01
9.257611947915371786e+01
9.236355803717005131e+01
9.250013357217579824e+01
