4.919999999999999929e+00
9.880000000000000782e+00
2.203999999999999915e+01
2.448000000000000043e+01
2.960000000000000142e+01
3.128000000000000114e+01
2.871999999999999886e+01
3.528000000000000114e+01
3.200000000000000000e+01
3.664000000000000057e+01
2.996000000000000085e+01
3.155999999999999872e+01
3.220000000000000284e+01
3.388000000000000256e+01
3.187999999999999901e+01
3.183999999999999986e+01
3.275999999999999801e+01
3.284000000000000341e+01
3.332000000000000028e+01
3.164000000000000057e+01
3.443999999999999773e+01
