GEN Mean fit Std Best Ave life
0 15.063897 30.663704 91.772379 4.92
1 35.406758 36.444488 91.772379 9.88
2 61.506864 31.834448 93.04704 22.04
3 76.666604 21.344172 92.637155 24.48
4 81.490422 17.038168 92.73194 29.6
5 83.129325 15.564529 92.512404 31.28
6 81.028302 17.131366 92.500134 28.72
7 85.747874 10.846036 92.524826 35.28
8 82.298455 17.771631 92.576119 32.0
9 84.227374 14.4599 92.576119 36.64
10 85.011847 10.137065 92.494055 29.96
11 87.152707 4.788992 92.576119 31.56
12 87.020896 6.87572 91.48188 32.2
13 87.570103 4.658556 92.531096 33.88
14 87.920665 0.724869 91.772379 31.88
15 87.952326 0.787484 92.379644 31.84
16 87.999066 1.191461 92.33704 32.76
17 86.019766 10.551716 92.33704 32.84
18 88.03835 1.149994 92.576119 33.32
19 87.899476 0.728732 92.363558 31.64
20 88.195708 1.178926 92.500134 34.44
