3.066370435260713023e+01
3.644448803869639164e+01
3.183444796805225607e+01
2.134417241843113899e+01
1.703816827460684635e+01
1.556452920808222729e+01
1.713136635685985709e+01
1.084603604993837500e+01
1.777163095512769431e+01
1.445989970459714513e+01
1.013706547138509251e+01
4.788992339394457787e+00
6.875720106912614149e+00
4.658555878964997454e+00
7.248688168420391875e-01
7.874843794491834803e-01
1.191460753038131593e+00
1.055171584930815776e+01
1.149993966590942218e+00
7.287317142363187727e-01
1.178926163226175383e+00
